   N    K    R   GF   Coded    Info   Lat Threads Duration
 256   51   19   64  720.81  143.60     2      32       60
 256   64   25   64  712.75  178.19     2      32       60
 256   77   30   64  705.94  212.33     2      32       60
 256   90   35   64  700.20  246.16     2      32       60
 256  102   39   64  698.94  278.49     2      32       60
 256  128   50   64  686.09  343.04     2      32       60
 256  154   60   64  676.50  406.95     2      32       60
 256  169   66   64  673.54  444.64     2      32       60
 256  179   69   64  668.01  467.09     2      32       60
 256  192   75   64  663.26  497.45     2      32       60
 256  210   82   64  658.81  540.43     2      32       60
 256  230   89   64  653.60  587.22     2      32       60
