   N    K    R   GF   Coded    Info   Lat Threads Duration
 128   26   20  256  479.51   97.40     2      32       60
 128   32   25  256  497.58  124.39     2      32       60
 128   38   29  256  498.03  147.85     2      32       60
 128   45   35  256  470.28  165.33     2      32       60
 128   51   39  256  473.83  188.79     2      32       60
 128   58   45  256  541.35  245.30     1      32       60
 128   64   50  256  482.90  241.45     2      32       60
 128   70   54  256  509.59  278.68     2      32       60
 128   77   60  256  481.01  289.36     2      32       60
 128   84   65  256  480.36  315.24     2      32       60
 128   90   70  256  477.07  335.44     2      32       60
 128   96   75  256  461.95  346.46     2      32       60
 128  102   79  256  453.67  361.52     2      32       60
 128  109   85  256  598.59  509.74     1      32       60
 128  115   89  256  599.19  538.33     1      32       60
