   N    K    R   GF   Coded    Info   Lat Threads Duration
 128   26   20  128  504.74  102.53     1      32       60
 128   32   25  128  479.53  119.88     1      32       60
 128   38   29  128  475.42  141.14     1      32       60
 128   45   35  128  503.47  177.00     1      32       60
 128   51   39  128  503.84  200.75     1      32       60
 128   58   45  128  465.24  210.81     1      32       60
 128   64   50  128  459.88  229.94     1      32       60
 128   70   54  128  484.87  265.16     1      32       60
 128   77   60  128  488.55  293.89     1      32       60
 128   84   65  128  485.58  318.66     1      32       60
 128   90   70  128  453.20  318.65     1      32       60
 128   96   75  128  451.78  338.84     1      32       60
 128  102   79  128  471.97  376.10     1      32       60
 128  109   85  128  447.11  380.75     2      32       60
 128  115   89  128  446.78  401.40     2      32       60
