   N    K    R   GF   Coded    Info   Lat Threads Duration
 128   26   20  256  558.13  113.37     1      32       60
 128   32   25  256  573.27  143.32     1      32       60
 128   38   29  256  559.59  166.13     1      32       60
 128   45   35  256  498.95  175.41     2      32       60
 128   51   39  256  497.91  198.38     2      32       60
 128   58   45  256  566.60  256.74     1      32       60
 128   64   50  256  498.02  249.01     2      32       60
 128   70   54  256  510.13  278.98     2      32       60
 128   77   60  256  512.08  308.05     1      32       60
 128   84   65  256  489.89  321.49     2      32       60
 128   90   70  256  479.33  337.03     2      32       60
 128   96   75  256  461.23  345.92     2      32       60
 128  102   79  256  456.96  364.14     2      32       60
 128  109   85  256  601.57  512.28     1      32       60
 128  115   89  256  595.80  535.29     1      32       60
