   N    K    R   GF   Coded    Info   Lat Threads Duration
 128   26   20  256  264.98   53.82     3      32       60
 128   32   25  256  263.96   65.99     3      32       60
 128   38   29  256  262.50   77.93     3      32       60
 128   45   35  256  259.92   91.38     3      32       60
 128   51   39  256  259.31  103.32     3      32       60
 128   58   45  256  257.13  116.51     3      32       60
 128   64   50  256  255.21  127.61     4      32       60
 128   70   54  256  253.85  138.82     4      32       60
 128   77   60  256  253.01  152.20     4      32       60
 128   84   65  256  251.77  165.22     4      32       60
 128   90   70  256  249.57  175.48     4      32       60
 128   96   75  256  248.18  186.13     4      32       60
 128  102   79  256  247.44  197.18     4      32       60
 128  109   85  256  246.10  209.57     4      32       60
 128  115   89  256  244.77  219.91     4      32       60
