   N    K    R   GF   Coded    Info   Lat Threads Duration
 256   51   19  128  420.92   83.86     4      32       60
 256   64   25  128  420.87  105.22     4      32       60
 256   77   30  128  416.12  125.16     4      32       60
 256   90   35  128  412.33  144.96     4      32       60
 256  102   39  128  412.30  164.28     4      32       60
 256  115   44  128  409.38  183.90     4      32       60
 256  128   50  128  407.79  203.89     4      32       60
 256  141   55  128  402.92  221.92     4      32       60
 256  154   60  128  401.81  241.72     4      32       60
 256  169   66  128  401.00  264.72     4      32       60
 256  179   69  128  397.14  277.69     4      32       60
 256  192   75  128  396.53  297.40     4      32       60
 256  205   80  128  392.61  314.40     4      32       60
 256  218   85  128  392.89  334.57     4      32       60
 256  230   89  128  389.37  349.82     4      32       60
