   N    K    R   GF   Coded    Info   Lat Threads Duration
 256   51   19   64  716.66  142.77     2      32       60
 256   64   25   64  710.84  177.71     2      32       60
 256   77   30   64  704.64  211.94     2      32       60
 256   90   35   64  699.46  245.90     2      32       60
 256  102   39   64  696.20  277.39     2      32       60
 256  128   50   64  684.71  342.35     2      32       60
 256  154   60   64  675.44  406.32     2      32       60
 256  169   66   64  672.53  443.97     2      32       60
 256  179   69   64  668.23  467.24     2      32       60
 256  192   75   64  661.49  496.12     2      32       60
 256  210   82   64  658.82  540.44     2      32       60
 256  230   89   64  650.17  584.14     2      32       60
