   N    K    R   GF   Coded    Info   Lat Threads Duration
  64   13   20  256  277.32   56.33     1      32       60
  64   16   25  256  274.15   68.54     1      32       60
  64   19   29  256  274.10   81.37     1      32       60
  64   22   34  256  272.36   93.62     1      32       60
  64   26   40  256  271.13  110.15     1      32       60
  64   32   50  256  268.48  134.24     1      32       60
  64   38   59  256  266.16  158.04     1      32       60
  64   42   65  256  264.22  173.40     1      32       60
  64   45   70  256  261.71  184.01     1      32       60
  64   48   75  256  258.76  194.07     1      32       60
  64   52   81  256  256.84  208.68     1      32       60
  64   58   90  256  264.45  239.66     1      32       60
