   N    K    R   GF   Coded    Info   Lat Threads Duration
  64   13   20  256  661.60  134.39     0      32       60
  64   16   25  256  604.29  151.07     0      32       60
  64   19   29  256  496.91  147.52     1      32       60
  64   22   34  256  506.10  173.97     1      32       60
  64   26   40  256  556.48  226.07     0      32       60
  64   32   50  256  566.82  283.41     0      32       60
  64   38   59  256  546.51  324.49     0      32       60
  64   42   65  256  510.57  335.06     1      32       60
  64   45   70  256  500.50  351.92     1      32       60
  64   48   75  256  666.75  500.06     0      32       60
  64   52   81  256  619.05  502.97     0      32       60
  64   58   90  256  704.33  638.30     0      32       60
