   N    K    R   GF   Coded    Info   Lat Threads Duration
  64   13   20  256  698.16  141.81     0      32       60
  64   16   25  256  650.33  162.58     0      32       60
  64   19   29  256  599.72  178.04     0      32       60
  64   22   34  256  599.40  206.04     0      32       60
  64   26   40  256  643.55  261.44     0      32       60
  64   32   50  256  615.39  307.70     0      32       60
  64   38   59  256  563.16  334.38     0      32       60
  64   42   65  256  543.93  356.95     0      32       60
  64   45   70  256  508.10  357.26     1      32       60
  64   48   75  256  672.88  504.66     0      32       60
  64   52   81  256  632.91  514.24     0      32       60
  64   58   90  256  665.19  602.83     0      32       60
