   N    K    R   GF   Coded    Info   Lat Threads Duration
 128   26   20  256  273.59   55.57     3      24       60
 128   32   25  256  283.29   70.82     3      24       60
 128   38   29  256  280.61   83.31     3      24       60
 128   45   35  256  246.86   86.79     4      24       60
 128   51   39  256  245.54   97.83     4      24       60
 128   58   45  256  281.19  127.41     3      24       60
 128   64   50  256  252.99  126.49     4      24       60
 128   70   54  256  262.39  143.49     3      24       60
 128   77   60  256  263.27  158.38     3      24       60
 128   84   65  256  250.37  164.30     4      24       60
 128   90   70  256  250.86  176.38     4      24       60
 128   96   75  256  239.51  179.64     4      24       60
 128  102   79  256  238.58  190.12     4      24       60
 128  109   85  256  321.21  273.53     3      24       60
 128  115   89  256  323.11  290.29     3      24       60
