   N    K    R   GF   Coded    Info   Lat Threads Duration
 128   26   20  256  135.05   27.43     7      24       60
 128   32   25  256  134.45   33.61     7      24       60
 128   38   29  256  134.44   39.91     7      24       60
 128   45   35  256  134.09   47.14     7      24       60
 128   51   39  256  133.57   53.22     7      24       60
 128   58   45  256  132.89   60.22     7      24       60
 128   64   50  256  132.58   66.29     7      24       60
 128   70   54  256  132.26   72.33     7      24       60
 128   77   60  256  131.68   79.22     7      24       60
 128   84   65  256  131.15   86.07     7      24       60
 128   90   70  256  130.51   91.77     7      24       60
 128   96   75  256  129.97   97.47     7      24       60
 128  102   79  256  129.81  103.44     7      24       60
 128  109   85  256  129.36  110.16     7      24       60
 128  115   89  256  128.99  115.89     7      24       60
