   N    K    R   GF   Coded    Info   Lat Threads Duration
 128   26   20  128  534.92  108.66     1      24       60
 128   32   25  128  555.18  138.80     1      24       60
 128   38   29  128  550.00  163.28     1      24       60
 128   45   35  128  482.63  169.67     1      24       60
 128   51   39  128  481.18  191.72     1      24       60
 128   58   45  128  541.91  245.55     1      24       60
 128   64   50  128  496.87  248.43     1      24       60
 128   70   54  128  515.45  281.89     1      24       60
 128   77   60  128  521.02  313.43     1      24       60
 128   84   65  128  494.06  324.23     1      24       60
 128   90   70  128  479.25  336.97     1      24       60
 128   96   75  128  459.63  344.72     1      24       60
 128  102   79  128  459.64  366.27     1      24       60
 128  109   85  128  613.39  522.34     1      24       60
 128  115   89  128  618.64  555.81     1      24       60
