   N    K    R   GF   Coded    Info   Lat Threads Duration
 128   26   20  128  264.52   53.73     3      24       60
 128   32   25  128  264.33   66.08     3      24       60
 128   38   29  128  254.52   75.56     3      24       60
 128   45   35  128  260.10   91.44     3      24       60
 128   51   39  128  259.02  103.20     3      24       60
 128   58   45  128  258.07  116.94     3      24       60
 128   64   50  128  251.83  125.92     3      24       60
 128   70   54  128  259.74  142.04     3      24       60
 128   77   60  128  258.82  155.70     3      24       60
 128   84   65  128  257.32  168.87     3      24       60
 128   90   70  128  245.64  172.71     3      24       60
 128   96   75  128  247.12  185.34     3      24       60
 128  102   79  128  253.68  202.15     3      24       60
 128  109   85  128  253.04  215.48     3      24       60
 128  115   89  128  252.35  226.72     3      24       60
