   N    K    R   GF   Coded    Info   Lat Threads Duration
 128   26   20  256  232.28   47.18     4      24       60
 128   32   25  256  242.52   60.63     4      24       60
 128   38   29  256  244.18   72.49     4      24       60
 128   45   35  256  232.71   81.81     4      24       60
 128   51   39  256  235.58   93.86     4      24       60
 128   58   45  256  270.85  122.73     3      24       60
 128   64   50  256  244.97  122.48     4      24       60
 128   70   54  256  259.82  142.09     3      24       60
 128   77   60  256  244.12  146.85     4      24       60
 128   84   65  256  248.60  163.14     4      24       60
 128   90   70  256  249.09  175.14     4      24       60
 128   96   75  256  239.00  179.25     4      24       60
 128  102   79  256  238.59  190.13     4      24       60
 128  109   85  256  322.34  274.49     3      24       60
 128  115   89  256  324.90  291.90     3      24       60
