   N    K    R   GF   Coded    Info   Lat Threads Duration
 128   26   20  128  451.03   91.61     1      24       60
 128   32   25  128  471.63  117.91     1      24       60
 128   38   29  128  474.87  140.98     1      24       60
 128   45   35  128  454.68  159.85     1      24       60
 128   51   39  128  458.28  182.59     1      24       60
 128   58   45  128  525.60  238.16     1      24       60
 128   64   50  128  475.29  237.65     1      24       60
 128   70   54  128  506.58  277.04     1      24       60
 128   77   60  128  477.95  287.51     1      24       60
 128   84   65  128  489.35  321.14     1      24       60
 128   90   70  128  489.85  344.42     1      24       60
 128   96   75  128  466.98  350.23     1      24       60
 128  102   79  128  467.11  372.23     1      24       60
 128  109   85  128  622.05  529.72     1      24       60
 128  115   89  128  626.33  562.72     1      24       60
