   N    K    R   GF   Coded    Info   Lat Threads Duration
 256   51   19  128  752.33  149.88     2      24       60
 256   64   25  128  864.20  216.05     2      24       60
 256   77   30  128  758.23  228.06     2      24       60
 256   90   35  128  767.46  269.81     2      24       60
 256  102   39  128  781.50  311.38     2      24       60
 256  115   44  128  772.09  346.84     2      24       60
 256  128   50  128  563.64  281.82     3      24       60
 256  141   55  128  558.42  307.57     3      24       60
 256  154   60  128  563.67  339.08     3      24       60
 256  169   66  128  567.35  374.54     3      24       60
 256  179   69  128  494.10  345.48     3      24       60
 256  192   75  128  510.83  383.12     3      24       60
 256  205   80  128  475.20  380.53     3      24       60
 256  218   85  128  462.07  393.48     3      24       60
 256  230   89  128  609.42  547.53     2      24       60
