   N    K    R   GF   Coded    Info   Lat Threads Duration
 256   51   19   16  785.23  156.43     1      24       60
 256   64   25   16  740.32  185.08     1      24       60
 256   77   30   16  774.60  232.98     1      24       60
 256   90   35   16  726.70  255.48     1      24       60
 256  102   39   16  766.98  305.59     1      24       60
 256  115   44   16  713.01  320.30     1      24       60
 256  128   50   16  755.23  377.61     1      24       60
 256  141   55   16  753.54  415.03     1      24       60
 256  154   60   16  746.14  448.85     1      24       60
 256  169   66   16  695.72  459.28     1      24       60
 256  179   69   16  723.10  505.61     1      24       60
 256  192   75   16  680.22  510.16     1      24       60
 256  205   80   16  714.20  571.92     1      24       60
 256  218   85   16  670.98  571.38     1      24       60
 256  230   89   16  667.06  599.31     1      24       60
