   N    K    R   GF   Coded    Info   Lat Threads Duration
 256   51   19  128  225.17   44.86     7      24       60
 256   64   25  128  224.26   56.07     7      24       60
 256   77   30  128  223.19   67.13     8      24       60
 256   90   35  128  221.99   78.04     8      24       60
 256  102   39  128  221.53   88.27     8      24       60
 256  115   44  128  220.94   99.25     8      24       60
 256  128   50  128  220.21  110.11     8      24       60
 256  141   55  128  219.48  120.88     8      24       60
 256  154   60  128  218.71  131.57     8      24       60
 256  169   66  128  218.07  143.96     8      24       60
 256  179   69  128  217.54  152.11     8      24       60
 256  192   75  128  216.81  162.61     8      24       60
 256  205   80  128  215.95  172.93     8      24       60
 256  218   85  128  215.11  183.18     8      24       60
 256  230   89  128  213.83  192.11     8      24       60
