   N    K    R   GF   Coded    Info   Lat Threads Duration
 256   51   19   64  411.55   81.99     3      24       60
 256   64   25   64  397.02   99.25     3      24       60
 256   77   30   64  406.74  122.34     3      24       60
 256   90   35   64  390.37  137.24     3      24       60
 256  102   39   64  404.56  161.19     3      24       60
 256  115   44   64  389.01  174.75     3      24       60
 256  128   50   64  402.81  201.41     3      24       60
 256  141   55   64  400.01  220.32     3      24       60
 256  154   60   64  398.31  239.61     3      24       60
 256  169   66   64  383.33  253.06     4      24       60
 256  179   69   64  392.16  274.21     3      24       60
 256  192   75   64  379.70  284.78     4      24       60
 256  205   80   64  390.74  312.89     3      24       60
 256  218   85   64  374.97  319.31     4      24       60
 256  230   89   64  374.09  336.10     4      24       60
