   N    K    R   GF   Coded    Info   Lat Threads Duration
  64   13   20  256  336.46   68.34     1      24       60
  64   16   25  256  316.52   79.13     1      24       60
  64   19   29  256  303.20   90.01     1      24       60
  64   22   34  256  303.99  104.50     1      24       60
  64   26   40  256  330.61  134.31     1      24       60
  64   29   45  256  320.31  145.14     1      24       60
  64   32   50  256  317.49  158.75     1      24       60
  64   35   54  256  289.55  158.35     1      24       60
  64   38   59  256  307.28  182.45     1      24       60
  64   42   65  256  301.89  198.11     1      24       60
  64   45   70  256  276.85  194.66     1      24       60
  64   48   75  256  373.01  279.76     1      24       60
  64   51   79  256  361.84  288.34     1      24       60
  64   54   84  256  417.35  352.14     1      24       60
  64   58   90  256  464.45  420.91     1      24       60
