   N    K    R   GF   Coded    Info   Lat Threads Duration
  64   13   20  256  162.95   33.10     3      24       60
  64   16   25  256  162.41   40.60     3      24       60
  64   19   29  256  161.59   47.97     3      24       60
  64   22   34  256  160.61   55.21     3      24       60
  64   26   40  256  159.65   64.86     3      24       60
  64   29   45  256  156.09   70.73     3      24       60
  64   32   50  256  155.72   77.86     3      24       60
  64   35   54  256  155.39   84.98     3      24       60
  64   38   59  256  158.82   94.30     3      24       60
  64   42   65  256  158.07  103.73     3      24       60
  64   45   70  256  157.71  110.89     3      24       60
  64   48   75  256  156.91  117.69     3      24       60
  64   51   79  256  156.58  124.77     3      24       60
  64   54   84  256  155.20  130.95     3      24       60
  64   58   90  256  154.46  139.98     3      24       60
