   N    K    R   GF   Coded    Info   Lat Threads Duration
  64   13   20  256  337.74   68.60     1      24       60
  64   16   25  256  315.14   78.79     1      24       60
  64   19   29  256  260.35   77.29     1      24       60
  64   22   34  256  264.79   91.02     1      24       60
  64   26   40  256  294.95  119.82     1      24       60
  64   29   45  256  297.87  134.97     1      24       60
  64   32   50  256  304.21  152.10     1      24       60
  64   35   54  256  284.21  155.43     1      24       60
  64   38   59  256  295.03  175.18     1      24       60
  64   42   65  256  276.41  181.40     1      24       60
  64   45   70  256  271.71  191.04     1      24       60
  64   48   75  256  368.72  276.54     1      24       60
  64   51   79  256  357.56  284.93     1      24       60
  64   54   84  256  408.00  344.25     1      24       60
  64   58   90  256  457.08  414.23     1      24       60
