   N    K    R   GF   Coded    Info   Lat Threads Duration
 256   51   19   64   27.05    5.39    56       1       60
 256   64   25   64   26.96    6.74    56       1       60
 256   77   30   64   26.76    8.05    57       1       60
 256   90   35   64   26.50    9.32    57       1       60
 256  102   39   64   26.74   10.65    57       1       60
 256  128   50   64   26.14   13.07    58       1       60
 256  154   60   64   25.37   15.26    60       1       60
 256  169   66   64   25.77   17.01    59       1       60
 256  179   69   64   26.13   18.27    58       1       60
 256  192   75   64   26.07   19.55    58       1       60
 256  210   82   64   24.88   20.41    61       1       60
 256  230   89   64   24.95   22.42    61       1       60
