   N    K    R   GF   Coded    Info   Lat Threads Duration
 256   51   19   64  180.28   35.92     8       1       60
 256   64   25   64  143.39   35.85    10       1       60
 256   77   30   64  126.45   38.03    12       1       60
 256   90   35   64  122.38   43.03    12       1       60
 256  102   39   64  122.14   48.67    12       1       60
 256  128   50   64   75.37   37.68    20       1       60
 256  154   60   64   68.76   41.36    22       1       60
 256  169   66   64   65.97   43.55    23       1       60
 256  179   69   64   59.52   41.62    25       1       60
 256  192   75   64   59.77   44.83    25       1       60
 256  210   82   64   54.43   44.65    28       1       60
 256  230   89   64   57.99   52.10    26       1       60
