   N    K    R   GF   Coded    Info   Lat Threads Duration
 256   51   19   64   24.73    4.93    62       1       60
 256   64   25   64   24.88    6.22    61       1       60
 256   77   30   64   25.50    7.67    60       1       60
 256   90   35   64   24.36    8.56    63       1       60
 256  102   39   64   24.62    9.81    62       1       60
 256  128   50   64   23.79   11.90    64       1       60
 256  154   60   64   24.44   14.70    62       1       60
 256  169   66   64   24.34   16.07    63       1       60
 256  179   69   64   24.77   17.32    62       1       60
 256  192   75   64   24.42   18.32    62       1       60
 256  210   82   64   24.01   19.69    63       1       60
 256  230   89   64   22.59   20.29    68       1       60
