   N    K    R   GF   Coded    Info   Lat Threads Duration
 256   51   19   64   99.18   19.76    15       1       60
 256   64   25   64  109.92   27.48    13       1       60
 256   77   30   64   94.56   28.44    16       1       60
 256   90   35   64   98.09   34.48    15       1       60
 256  102   39   64   98.35   39.18    15       1       60
 256  128   50   64   60.29   30.15    25       1       60
 256  154   60   64   59.74   35.94    25       1       60
 256  169   66   64   58.90   38.88    26       1       60
 256  179   69   64   54.34   38.00    28       1       60
 256  192   75   64   53.80   40.35    28       1       60
 256  210   82   64   49.57   40.66    30       1       60
 256  230   89   64   71.09   63.87    21       1       60
