   N    K    R   GF   Coded    Info   Lat Threads Duration
 256   51   19   64   15.87    3.16    96       1       60
 256   64   25   64   15.85    3.96    96       1       60
 256   77   30   64   15.89    4.78    96       1       60
 256   90   35   64   15.81    5.56    97       1       60
 256  102   39   64   15.88    6.33    96       1       60
 256  128   50   64   16.08    8.04    95       1       60
 256  154   60   64   16.01    9.63    95       1       60
 256  169   66   64   15.50   10.23    99       1       60
 256  179   69   64   15.41   10.78    99       1       60
 256  192   75   64   15.54   11.66    98       1       60
 256  210   82   64   15.76   12.93    97       1       60
 256  230   89   64   15.24   13.69   100       1       60
