   N    K    R   GF   Coded    Info   Lat Threads Duration
 128   26   20  256    7.62    1.55   134       1       60
 128   32   25  256    7.70    1.92   133       1       60
 128   38   29  256    7.85    2.33   130       1       60
 128   45   35  256    7.73    2.72   132       1       60
 128   51   39  256    7.86    3.13   130       1       60
 128   58   45  256    7.64    3.46   134       1       60
 128   64   50  256    7.51    3.75   136       1       60
 128   70   54  256    7.83    4.28   130       1       60
 128   77   60  256    7.63    4.59   134       1       60
 128   84   65  256    7.70    5.05   133       1       60
 128   90   70  256    7.59    5.34   134       1       60
 128   96   75  256    7.41    5.56   138       1       60
 128  102   79  256    7.53    6.00   135       1       60
 128  109   85  256    7.41    6.31   138       1       60
 128  115   89  256    7.43    6.68   137       1       60
