   N    K    R   GF   Coded    Info   Lat Threads Duration
 128   26   20  128   17.03    3.46    52       1       60
 128   32   25  128   16.41    4.10    54       1       60
 128   38   29  128   16.98    5.04    52       1       60
 128   45   35  128   16.26    5.72    55       1       60
 128   51   39  128   15.59    6.21    57       1       60
 128   58   45  128   17.11    7.75    52       1       60
 128   64   50  128   16.00    8.00    56       1       60
 128   70   54  128   16.08    8.79    55       1       60
 128   77   60  128   16.65   10.02    53       1       60
 128   84   65  128   16.44   10.79    54       1       60
 128   90   70  128   16.20   11.39    55       1       60
 128   96   75  128   16.50   12.38    54       1       60
 128  102   79  128   16.23   12.93    55       1       60
 128  109   85  128   15.84   13.49    56       1       60
 128  115   89  128   15.90   14.29    56       1       60
