   N    K    R   GF   Coded    Info   Lat Threads Duration
 128   26   20  128   31.44    6.39    28       1       60
 128   32   25  128   32.88    8.22    27       1       60
 128   38   29  128   33.28    9.88    26       1       60
 128   45   35  128   32.43   11.40    27       1       60
 128   51   39  128   31.78   12.66    28       1       60
 128   58   45  128   37.94   17.19    23       1       60
 128   64   50  128   33.12   16.56    27       1       60
 128   70   54  128   36.34   19.88    24       1       60
 128   77   60  128   33.07   19.89    27       1       60
 128   84   65  128   35.67   23.41    25       1       60
 128   90   70  128   35.33   24.84    25       1       60
 128   96   75  128   32.92   24.69    27       1       60
 128  102   79  128   32.98   26.28    27       1       60
 128  109   85  128   44.69   38.06    20       1       60
 128  115   89  128   44.92   40.36    19       1       60
