   N    K    R   GF   Coded    Info   Lat Threads Duration
 128   26   20  128   13.81    2.81    64       1       60
 128   32   25  128   14.12    3.53    63       1       60
 128   38   29  128   13.51    4.01    66       1       60
 128   45   35  128   13.92    4.89    64       1       60
 128   51   39  128   14.03    5.59    63       1       60
 128   58   45  128   13.51    6.12    66       1       60
 128   64   50  128   13.57    6.78    66       1       60
 128   70   54  128   13.09    7.16    68       1       60
 128   77   60  128   13.23    7.96    67       1       60
 128   84   65  128   13.17    8.64    68       1       60
 128   90   70  128   12.40    8.72    72       1       60
 128   96   75  128   12.75    9.56    70       1       60
 128  102   79  128   13.05   10.40    68       1       60
 128  109   85  128   12.99   11.06    68       1       60
 128  115   89  128   12.63   11.35    70       1       60
