   N    K    R   GF   Coded    Info   Lat Threads Duration
 128   26   20  256    9.59    1.95   106       1       60
 128   32   25  256    9.78    2.44   104       1       60
 128   38   29  256    9.81    2.91   104       1       60
 128   45   35  256    9.64    3.39   106       1       60
 128   51   39  256    9.28    3.70   110       1       60
 128   58   45  256    9.34    4.23   109       1       60
 128   64   50  256    9.32    4.66   109       1       60
 128   70   54  256    9.59    5.25   106       1       60
 128   77   60  256    9.26    5.57   110       1       60
 128   84   65  256    9.69    6.36   105       1       60
 128   90   70  256    8.66    6.09   118       1       60
 128   96   75  256    8.76    6.57   116       1       60
 128  102   79  256    8.59    6.85   119       1       60
 128  109   85  256    9.04    7.70   113       1       60
 128  115   89  256    8.85    7.95   115       1       60
