   N    K    R   GF   Coded    Info   Lat Threads Duration
 128   26   20  256   22.85    4.64    44       1       60
 128   32   25  256   24.00    6.00    42       1       60
 128   38   29  256   22.78    6.76    44       1       60
 128   45   35  256   20.53    7.22    49       1       60
 128   51   39  256   20.28    8.08    50       1       60
 128   58   45  256   23.14   10.48    44       1       60
 128   64   50  256   20.44   10.22    50       1       60
 128   70   54  256   20.98   11.47    48       1       60
 128   77   60  256   21.26   12.79    48       1       60
 128   84   65  256   19.69   12.92    52       1       60
 128   90   70  256   19.62   13.80    52       1       60
 128   96   75  256   18.72   14.04    54       1       60
 128  102   79  256   18.80   14.98    54       1       60
 128  109   85  256   24.68   21.01    41       1       60
 128  115   89  256   25.10   22.55    40       1       60
