   N    K    R   GF   Coded    Info   Lat Threads Duration
 128   26   20  128   18.40    3.74    48       1       60
 128   32   25  128   17.83    4.46    50       1       60
 128   38   29  128   17.62    5.23    50       1       60
 128   45   35  128   18.07    6.35    49       1       60
 128   51   39  128   17.51    6.98    51       1       60
 128   58   45  128   18.33    8.31    48       1       60
 128   64   50  128   17.54    8.77    51       1       60
 128   70   54  128   17.99    9.84    49       1       60
 128   77   60  128   18.00   10.83    49       1       60
 128   84   65  128   17.70   11.61    50       1       60
 128   90   70  128   17.25   12.13    51       1       60
 128   96   75  128   16.88   12.66    53       1       60
 128  102   79  128   17.30   13.78    51       1       60
 128  109   85  128   17.15   14.61    52       1       60
 128  115   89  128   16.87   15.16    53       1       60
