   N    K    R   GF   Coded    Info   Lat Threads Duration
 128   26   20  256   18.72    3.80    54       1       60
 128   32   25  256   18.94    4.73    54       1       60
 128   38   29  256   19.32    5.74    53       1       60
 128   45   35  256   18.27    6.42    56       1       60
 128   51   39  256   18.59    7.41    55       1       60
 128   58   45  256   21.70    9.83    47       1       60
 128   64   50  256   18.91    9.46    54       1       60
 128   70   54  256   20.09   10.99    50       1       60
 128   77   60  256   19.22   11.56    53       1       60
 128   84   65  256   18.57   12.19    55       1       60
 128   90   70  256   19.34   13.60    52       1       60
 128   96   75  256   18.37   13.78    55       1       60
 128  102   79  256   17.59   14.01    58       1       60
 128  109   85  256   23.97   20.41    42       1       60
 128  115   89  256   24.14   21.69    42       1       60
