   N    K    R   GF   Coded    Info   Lat Threads Duration
 128   26   20  256   10.62    2.16    96       1       60
 128   32   25  256   10.52    2.63    97       1       60
 128   38   29  256   10.31    3.06    99       1       60
 128   45   35  256   10.32    3.63    99       1       60
 128   51   39  256   10.28    4.10    99       1       60
 128   58   45  256   10.42    4.72    98       1       60
 128   64   50  256    9.88    4.94   103       1       60
 128   70   54  256   10.08    5.51   101       1       60
 128   77   60  256   10.01    6.02   102       1       60
 128   84   65  256   10.07    6.61   101       1       60
 128   90   70  256    9.80    6.89   104       1       60
 128   96   75  256    9.69    7.26   105       1       60
 128  102   79  256    9.79    7.80   104       1       60
 128  109   85  256    9.81    8.35   104       1       60
 128  115   89  256    9.85    8.85   103       1       60
