   N    K    R   GF   Coded    Info   Lat Threads Duration
 128   26   20  128   38.67    7.85    23       1       60
 128   32   25  128   39.84    9.96    22       1       60
 128   38   29  128   39.58   11.75    22       1       60
 128   45   35  128   33.97   11.94    26       1       60
 128   51   39  128   33.37   13.30    26       1       60
 128   58   45  128   38.92   17.64    23       1       60
 128   64   50  128   32.01   16.01    27       1       60
 128   70   54  128   34.13   18.66    26       1       60
 128   77   60  128   34.91   21.00    25       1       60
 128   84   65  128   32.39   21.26    27       1       60
 128   90   70  128   33.88   23.82    26       1       60
 128   96   75  128   30.51   22.88    29       1       60
 128  102   79  128   32.65   26.02    27       1       60
 128  109   85  128   42.17   35.91    21       1       60
 128  115   89  128   43.62   39.19    20       1       60
