   N    K    R   GF   Coded    Info   Lat Threads Duration
 256   51   19   64  101.81   20.28    15       1       60
 256   64   25   64  113.07   28.27    13       1       60
 256   77   30   64  100.48   30.22    15       1       60
 256   90   35   64  100.32   35.27    15       1       60
 256  102   39   64  102.14   40.70    15       1       60
 256  128   50   64   60.97   30.48    25       1       60
 256  154   60   64   56.87   34.21    27       1       60
 256  169   66   64   61.42   40.55    25       1       60
 256  179   69   64   53.39   37.33    28       1       60
 256  192   75   64   56.66   42.49    27       1       60
 256  210   82   64   50.55   41.47    30       1       60
 256  230   89   64   71.94   64.63    21       1       60
