   N    K    R   GF   Coded    Info   Lat Threads Duration
 256   51   19  128   12.06    2.40   148       1       60
 256   64   25  128   11.54    2.88   155       1       60
 256   77   30  128   12.02    3.62   149       1       60
 256   90   35  128   12.01    4.22   149       1       60
 256  102   39  128   11.91    4.74   150       1       60
 256  115   44  128   12.11    5.44   147       1       60
 256  128   50  128   12.01    6.01   149       1       60
 256  141   55  128   11.31    6.23   158       1       60
 256  154   60  128   11.31    6.80   158       1       60
 256  169   66  128   11.85    7.83   151       1       60
 256  179   69  128   11.79    8.24   152       1       60
 256  192   75  128   11.62    8.72   154       1       60
 256  205   80  128   11.40    9.13   157       1       60
 256  218   85  128   11.54    9.82   155       1       60
 256  230   89  128   11.11    9.99   161       1       60
