   N    K    R   GF   Coded    Info   Lat Threads Duration
 256   51   19   16   33.11    6.60    30       1       60
 256   64   25   16   33.45    8.36    30       1       60
 256   77   30   16   32.50    9.77    31       1       60
 256   90   35   16   31.97   11.24    32       1       60
 256  102   39   16   32.27   12.86    31       1       60
 256  128   50   16   32.36   16.18    31       1       60
 256  154   60   16   30.48   18.33    33       1       60
 256  169   66   16   31.77   20.97    32       1       60
 256  179   69   16   30.81   21.54    33       1       60
 256  192   75   16   30.77   23.08    33       1       60
 256  210   82   16   29.82   24.46    34       1       60
 256  230   89   16   29.02   26.07    35       1       60
