   N    K    R   GF   Coded    Info   Lat Threads Duration
 256   51   19   64   27.77    5.53    55       1       60
 256   64   25   64   27.40    6.85    56       1       60
 256   77   30   64   26.29    7.91    58       1       60
 256   90   35   64   26.40    9.28    58       1       60
 256  102   39   64   26.48   10.55    58       1       60
 256  128   50   64   25.64   12.82    59       1       60
 256  154   60   64   25.72   15.47    59       1       60
 256  169   66   64   25.32   16.71    60       1       60
 256  179   69   64   26.05   18.21    58       1       60
 256  192   75   64   25.76   19.32    59       1       60
 256  210   82   64   24.31   19.94    63       1       60
 256  230   89   64   25.20   22.64    60       1       60
