   N    K    R   GF   Coded    Info   Lat Threads Duration
 256   51   19   16   39.78    7.93    25       1       60
 256   64   25   16   38.63    9.66    26       1       60
 256   77   30   16   39.58   11.91    25       1       60
 256   90   35   16   38.64   13.58    26       1       60
 256  102   39   16   37.12   14.79    27       1       60
 256  128   50   16   35.98   17.99    28       1       60
 256  154   60   16   36.65   22.05    27       1       60
 256  169   66   16   36.65   24.19    27       1       60
 256  179   69   16   36.43   25.47    28       1       60
 256  192   75   16   36.83   27.62    27       1       60
 256  210   82   16   36.12   29.63    28       1       60
 256  230   89   16   35.40   31.80    28       1       60
