   N    K    R   GF   Coded    Info   Lat Threads Duration
 256   51   19   64   27.21    5.42    56       1       60
 256   64   25   64   25.97    6.49    59       1       60
 256   77   30   64   25.30    7.61    60       1       60
 256   90   35   64   25.53    8.97    60       1       60
 256  102   39   64   25.00    9.96    61       1       60
 256  128   50   64   25.32   12.66    60       1       60
 256  154   60   64   24.32   14.63    63       1       60
 256  169   66   64   23.43   15.47    65       1       60
 256  179   69   64   23.54   16.46    65       1       60
 256  192   75   64   23.32   17.49    65       1       60
 256  210   82   64   21.94   18.00    70       1       60
 256  230   89   64   21.80   19.59    70       1       60
