   N    K    R   GF   Coded    Info   Lat Threads Duration
 256   51   19   16  156.20   31.12     6       1       60
 256   64   25   16  185.62   46.40     5       1       60
 256   77   30   16  158.15   47.57     6       1       60
 256   90   35   16  156.44   55.00     6       1       60
 256  102   39   16  148.10   59.01     6       1       60
 256  128   50   16   79.36   39.68    12       1       60
 256  154   60   16   79.29   47.70    12       1       60
 256  169   66   16   80.00   52.81    12       1       60
 256  179   69   16   69.79   48.80    14       1       60
 256  192   75   16   71.47   53.61    14       1       60
 256  210   82   16   63.96   52.47    16       1       60
 256  230   89   16   93.92   84.39    10       1       60
