   N    K    R   GF   Coded    Info   Lat Threads Duration
 256   51   19   16  466.65   92.97     2       1       60
 256   64   25   16  350.99   87.75     2       1       60
 256   77   30   16  223.62   67.26     4       1       60
 256   90   35   16  214.36   75.36     4       1       60
 256  102   39   16  204.18   81.35     5       1       60
 256  128   50   16  109.15   54.57     9       1       60
 256  154   60   16  101.84   61.26    10       1       60
 256  169   66   16   99.62   65.77    10       1       60
 256  179   69   16   81.36   56.89    12       1       60
 256  192   75   16   81.39   61.04    12       1       60
 256  210   82   16   73.18   60.03    13       1       60
 256  230   89   16   71.07   63.85    14       1       60
