   N    K    R   GF   Coded    Info   Lat Threads Duration
 256   51   19  128   58.27   11.61    30       1       60
 256   64   25  128   63.78   15.95    28       1       60
 256   77   30  128   57.63   17.33    31       1       60
 256   90   35  128   55.27   19.43    32       1       60
 256  102   39  128   57.34   22.85    31       1       60
 256  115   44  128   55.53   24.94    32       1       60
 256  128   50  128   39.90   19.95    44       1       60
 256  141   55  128   37.55   20.68    47       1       60
 256  154   60  128   39.06   23.50    45       1       60
 256  169   66  128   38.54   25.44    46       1       60
 256  179   69  128   34.57   24.17    51       1       60
 256  192   75  128   34.54   25.90    51       1       60
 256  205   80  128   32.86   26.31    54       1       60
 256  218   85  128   31.97   27.23    56       1       60
 256  230   89  128   40.95   36.79    43       1       60
