   N    K    R   GF   Coded    Info   Lat Threads Duration
 256   51   19   16   33.58    6.69    30       1       60
 256   64   25   16   33.31    8.33    30       1       60
 256   77   30   16   32.80    9.87    31       1       60
 256   90   35   16   32.63   11.47    31       1       60
 256  102   39   16   32.47   12.94    31       1       60
 256  128   50   16   32.24   16.12    31       1       60
 256  154   60   16   31.95   19.22    32       1       60
 256  169   66   16   30.01   19.81    34       1       60
 256  179   69   16   31.80   22.24    32       1       60
 256  192   75   16   31.81   23.86    32       1       60
 256  210   82   16   31.29   25.67    32       1       60
 256  230   89   16   31.07   27.92    32       1       60
