   N    K    R   GF   Coded    Info   Lat Threads Duration
 256   51   19  128   14.54    2.90   123       1       60
 256   64   25  128   14.75    3.69   121       1       60
 256   77   30  128   14.34    4.31   124       1       60
 256   90   35  128   14.44    5.08   124       1       60
 256  102   39  128   13.84    5.51   129       1       60
 256  115   44  128   13.97    6.27   128       1       60
 256  128   50  128   13.95    6.97   128       1       60
 256  141   55  128   13.95    7.68   128       1       60
 256  154   60  128   13.61    8.19   131       1       60
 256  169   66  128   13.59    8.97   131       1       60
 256  179   69  128   13.40    9.37   133       1       60
 256  192   75  128   13.74   10.31   130       1       60
 256  205   80  128   13.25   10.61   135       1       60
 256  218   85  128   13.66   11.63   131       1       60
 256  230   89  128   13.44   12.07   133       1       60
