   N    K    R   GF   Coded    Info   Lat Threads Duration
 256   51   19  128  139.24   27.74    12       1       60
 256   64   25  128  114.49   28.62    15       1       60
 256   77   30  128  101.96   30.67    17       1       60
 256   90   35  128   98.84   34.75    18       1       60
 256  102   39  128   97.30   38.77    18       1       60
 256  115   44  128   91.48   41.09    19       1       60
 256  128   50  128   46.64   23.32    38       1       60
 256  141   55  128   43.43   23.92    41       1       60
 256  154   60  128   43.39   26.10    41       1       60
 256  169   66  128   41.32   27.28    43       1       60
 256  179   69  128   36.03   25.19    49       1       60
 256  192   75  128   37.00   27.75    48       1       60
 256  205   80  128   34.60   27.71    51       1       60
 256  218   85  128   32.58   27.75    55       1       60
 256  230   89  128   42.94   38.58    41       1       60
