   N    K    R   GF   Coded    Info   Lat Threads Duration
 256   51   19   64   16.74    3.33    91       1       60
 256   64   25   64   16.63    4.16    92       1       60
 256   77   30   64   16.55    4.98    92       1       60
 256   90   35   64   16.34    5.74    94       1       60
 256  102   39   64   16.62    6.62    92       1       60
 256  128   50   64   16.22    8.11    94       1       60
 256  154   60   64   16.23    9.76    94       1       60
 256  169   66   64   16.17   10.67    94       1       60
 256  179   69   64   16.16   11.30    95       1       60
 256  192   75   64   16.12   12.09    95       1       60
 256  210   82   64   16.06   13.18    95       1       60
 256  230   89   64   15.88   14.27    96       1       60
