   N    K    R   GF   Coded    Info   Lat Threads Duration
 256   51   19   64  185.69   36.99     8       1       60
 256   64   25   64  145.72   36.43    10       1       60
 256   77   30   64  131.95   39.69    11       1       60
 256   90   35   64  125.85   44.25    12       1       60
 256  102   39   64  131.17   52.26    11       1       60
 256  128   50   64   77.20   38.60    19       1       60
 256  154   60   64   64.23   38.64    23       1       60
 256  169   66   64   65.38   43.16    23       1       60
 256  179   69   64   60.27   42.14    25       1       60
 256  192   75   64   60.78   45.59    25       1       60
 256  210   82   64   56.66   46.48    27       1       60
 256  230   89   64   61.81   55.53    24       1       60
