   N    K    R   GF   Coded    Info   Lat Threads Duration
 256   51   19  128   16.73    3.33   107       1       60
 256   64   25  128   15.52    3.88   115       1       60
 256   77   30  128   15.42    4.64   116       1       60
 256   90   35  128   15.62    5.49   114       1       60
 256  102   39  128   15.91    6.34   112       1       60
 256  115   44  128   16.14    7.25   111       1       60
 256  128   50  128   15.74    7.87   113       1       60
 256  141   55  128   15.63    8.61   114       1       60
 256  154   60  128   15.45    9.29   115       1       60
 256  169   66  128   14.40    9.51   124       1       60
 256  179   69  128   15.58   10.89   115       1       60
 256  192   75  128   15.10   11.33   118       1       60
 256  205   80  128   15.53   12.43   115       1       60
 256  218   85  128   14.99   12.77   119       1       60
 256  230   89  128   14.64   13.15   122       1       60
