   N    K    R   GF   Coded    Info   Lat Threads Duration
  64   13   20  256   26.17    5.32    19       1       60
  64   16   25  256   24.33    6.08    21       1       60
  64   19   29  256   20.27    6.02    25       1       60
  64   22   34  256   20.35    7.00    25       1       60
  64   26   40  256   22.60    9.18    22       1       60
  64   32   50  256   23.03   11.51    22       1       60
  64   38   59  256   22.33   13.26    22       1       60
  64   42   65  256   20.83   13.67    24       1       60
  64   45   70  256   20.58   14.47    24       1       60
  64   48   75  256   27.29   20.47    18       1       60
  64   52   81  256   25.42   20.65    20       1       60
  64   58   90  256   27.65   25.06    18       1       60
