   N    K    R   GF   Coded    Info   Lat Threads Duration
  64   13   20  256    8.70    1.77    58       1       60
  64   16   25  256    8.53    2.13    60       1       60
  64   19   29  256    8.64    2.57    59       1       60
  64   22   34  256    8.66    2.98    59       1       60
  64   26   40  256    8.59    3.49    59       1       60
  64   32   50  256    8.49    4.25    60       1       60
  64   38   59  256    8.53    5.06    60       1       60
  64   42   65  256    8.46    5.56    60       1       60
  64   45   70  256    7.92    5.57    64       1       60
  64   48   75  256    8.12    6.09    63       1       60
  64   52   81  256    8.16    6.63    62       1       60
  64   58   90  256    8.08    7.32    63       1       60
