   N    K    R   GF   Coded    Info   Lat Threads Duration
  64   13   20  256   11.27    2.29    45       1       60
  64   16   25  256   10.98    2.75    46       1       60
  64   19   29  256   11.18    3.32    45       1       60
  64   22   34  256   11.02    3.79    46       1       60
  64   26   40  256   11.00    4.47    46       1       60
  64   32   50  256   10.89    5.45    46       1       60
  64   38   59  256   10.91    6.48    46       1       60
  64   42   65  256   10.26    6.74    49       1       60
  64   45   70  256   10.36    7.28    49       1       60
  64   48   75  256   10.69    8.02    47       1       60
  64   52   81  256   10.20    8.29    50       1       60
  64   58   90  256   10.92    9.89    46       1       60
