   N    K    R   GF   Coded    Info   Lat Threads Duration
  64   13   20  256   28.28    5.74    18       1       60
  64   16   25  256   26.43    6.61    19       1       60
  64   19   29  256   24.38    7.24    21       1       60
  64   22   34  256   22.49    7.73    22       1       60
  64   26   40  256   26.57   10.80    19       1       60
  64   32   50  256   25.37   12.68    20       1       60
  64   38   59  256   22.38   13.29    22       1       60
  64   42   65  256   22.31   14.64    22       1       60
  64   45   70  256   20.59   14.48    24       1       60
  64   48   75  256   27.25   20.44    18       1       60
  64   52   81  256   25.76   20.93    19       1       60
  64   58   90  256   24.97   22.63    20       1       60
