   N    K    R   GF   Coded    Info   Lat Threads Duration
  64   13   20  256   10.90    2.21    46       1       60
  64   16   25  256   11.28    2.82    45       1       60
  64   19   29  256   11.04    3.28    46       1       60
  64   22   34  256   11.23    3.86    45       1       60
  64   26   40  256   11.19    4.55    45       1       60
  64   32   50  256   10.81    5.40    47       1       60
  64   38   59  256   10.91    6.48    46       1       60
  64   42   65  256   10.64    6.98    48       1       60
  64   45   70  256   10.72    7.54    47       1       60
  64   48   75  256   10.60    7.95    48       1       60
  64   52   81  256   10.70    8.70    47       1       60
  64   58   90  256   10.57    9.58    48       1       60
