   N    K    R   GF   Coded    Info   Lat Threads Duration
 256   51   19   64   4.0547   4.0533    10       8       60
 256   64   25   64   3.7445   3.7462     9       8       60
 256   77   30   64   4.0208   4.0213    10       8       60
 256   90   35   64   3.9889   3.9887    10       8       60
 256  102   39   64   4.1070   4.1074    10       8       60
 256  115   44   64   4.0399   4.0387    10       8       60
 256  128   50   64   4.0598   4.0595    14       8       60
 256  141   55   64   3.9761   3.9762    14       8       60
 256  154   60   64   3.9539   3.9546    14       8       60
 256  169   66   64   4.1703   4.1699    14       8       60
 256  179   69   64   4.0031   4.0026    17       8       60
 256  192   75   64   4.2000   4.1979    16       8       60
 256  205   80   64   4.0945   4.0943    18       8       60
 256  218   85   64   4.0469   4.0451    18       8       60
 256  230   89   64   4.0533   4.0521    14       8       60
