   N    K    R   GF   Coded    Info   Lat Threads Duration
 256   51   19   64   4.2704   4.2705     2       8       60
 256   64   25   64   4.3478   4.3474     2       8       60
 256   77   30   64   4.2679   4.2678     2       8       60
 256   90   35   64   4.2530   4.2527     2       8       60
 256  102   39   64   4.2559   4.2558     2       8       60
 256  115   44   64   4.2512   4.2511     2       8       60
 256  128   50   64   4.4965   4.4960     3       8       60
 256  141   55   64   4.2726   4.2728     3       8       60
 256  154   60   64   4.2167   4.2168     3       8       60
 256  169   66   64   4.2179   4.2174     4       8       60
 256  179   69   64   4.2028   4.2028     4       8       60
 256  192   75   64   4.1591   4.1594     4       8       60
 256  205   80   64   4.1575   4.1571     4       8       60
 256  218   85   64   4.2299   4.2301     4       8       60
 256  230   89   64   4.2367   4.2368     3       8       60
