   N    K    R   GF   Coded    Info   Lat Threads Duration
 256   51   19   64   4.0468   4.0400    43       4       60
 256   64   25   64   3.9795   3.9773    43       4       60
 256   77   30   64   4.1106   4.1055    43       4       60
 256   90   35   64   4.0531   4.0592    43       4       60
 256  102   39   64   4.0384   4.0409    44       4       60
 256  115   44   64   4.0234   4.0234    44       4       60
 256  128   50   64   3.9815   3.9815    44       4       60
 256  141   55   64   4.0105   4.0106    44       4       60
 256  154   60   64   3.9895   3.9884    44       4       60
 256  169   66   64   4.0400   4.0374    44       4       60
 256  179   69   64   4.0129   4.0100    44       4       60
 256  192   75   64   4.0247   4.0235    44       4       60
 256  205   80   64   4.0534   4.0533    44       4       60
 256  218   85   64   4.0632   4.0602    45       4       60
 256  230   89   64   4.0480   4.0494    45       4       60
