   N    K    R   GF   Coded    Info   Lat Threads Duration
 256   51   19   64  27.0709  27.0577     2      32       60
 256   64   25   64  27.0143  27.0046     2      32       60
 256   77   30   64  27.9414  27.9385     2      32       60
 256   90   35   64  26.3665  26.3732     2      32       60
 256  102   39   64  27.3228  27.3330     2      32       60
 256  115   44   64  26.7696  26.7720     2      32       60
 256  128   50   64  29.3196  29.3319     2      32       60
 256  141   55   64  25.3363  25.3329     2      32       60
 256  154   60   64  28.0860  28.0812     2      32       60
 256  169   66   64  26.4421  26.4383     2      32       60
 256  179   69   64  27.7245  27.7197     2      32       60
 256  192   75   64  26.4091  26.4090     2      32       60
 256  205   80   64  26.5123  26.5185     2      32       60
 256  218   85   64  26.4954  26.4970     2      32       60
 256  230   89   64  26.6430  26.6323     2      32       60
