   N    K    R   GF   Coded    Info   Lat Threads Duration
 256   51   19   64  10.7852  10.7852     0      24       60
 256   64   25   64  11.5254  11.5258     0      24       60
 256   77   30   64  11.7184  11.7191     0      24       60
 256   90   35   64  11.4804  11.4798     0      24       60
 256  102   39   64  11.3206  11.3206     0      24       60
 256  115   44   64  11.2736  11.2737     0      24       60
 256  128   50   64  11.5995  11.5984     1      24       60
 256  141   55   64  11.5985  11.5996     1      24       60
 256  154   60   64  11.6559  11.6567     1      24       60
 256  169   66   64  11.3024  11.3024     1      24       60
 256  179   69   64  11.2061  11.2056     1      24       60
 256  192   75   64  11.1764  11.1764     1      24       60
 256  205   80   64  11.1037  11.1036     1      24       60
 256  218   85   64  11.1233  11.1228     1      24       60
 256  230   89   64  11.6443  11.6449     1      24       60
