   N    K    R   GF   Coded    Info   Lat Threads Duration
 256   51   19   64   7.4100   7.4103     0       8       60
 256   64   25   64   7.3894   7.3895     0       8       60
 256   77   30   64   7.3972   7.3972     0       8       60
 256   90   35   64   7.4629   7.4626     0       8       60
 256  102   39   64   7.5226   7.5224     0       8       60
 256  115   44   64   7.4799   7.4798     0       8       60
 256  128   50   64   7.5458   7.5464     1       8       60
 256  141   55   64   7.5241   7.5243     1       8       60
 256  154   60   64   7.6001   7.6006     2       8       60
 256  169   66   64   7.6006   7.6000     2       8       60
 256  179   69   64   7.6058   7.6067     2       8       60
 256  192   75   64   7.5784   7.5783     2       8       60
 256  205   80   64   7.5320   7.5319     2       8       60
 256  218   85   64   7.5506   7.5504     2       8       60
 256  230   89   64   7.5124   7.5126     2       8       60
