   N    K    R   GF   Coded    Info   Lat Threads Duration
 256   51   19   64  27.2069  27.2023     0      32       60
 256   64   25   64  27.2383  27.2407     0      32       60
 256   77   30   64  26.4489  26.4446     0      32       60
 256   90   35   64  27.7046  27.7024     0      32       60
 256  102   39   64  27.0153  27.0178     0      32       60
 256  115   44   64  27.0624  27.0634     0      32       60
 256  128   50   64  26.1902  26.1938     0      32       60
 256  141   55   64  27.0928  27.0933     0      32       60
 256  154   60   64  27.2070  27.2078     0      32       60
 256  169   66   64  26.5022  26.5019     0      32       60
 256  179   69   64  25.6668  25.6688     0      32       60
 256  192   75   64  25.3783  25.3823     0      32       60
 256  205   80   64  25.2141  25.2161     1      32       60
 256  218   85   64  25.1321  25.1335     1      32       60
 256  230   89   64  26.7246  26.7263     0      32       60
