   N    K    R   GF   Coded    Info   Lat Threads Duration
 256   51   19   64   7.5043   7.5086     5       8       60
 256   64   25   64   7.4808   7.4829     5       8       60
 256   77   30   64   7.5138   7.5115     5       8       60
 256   90   35   64   7.4264   7.4256     6       8       60
 256  102   39   64   7.5164   7.5176     5       8       60
 256  115   44   64   7.5270   7.5257     6       8       60
 256  128   50   64   7.4836   7.4814     6       8       60
 256  141   55   64   7.5255   7.5249     6       8       60
 256  154   60   64   7.5221   7.5215     6       8       60
 256  169   66   64   7.5183   7.5190     6       8       60
 256  179   69   64   7.5291   7.5290     6       8       60
 256  192   75   64   7.5207   7.5199     6       8       60
 256  205   80   64   7.5205   7.5189     6       8       60
 256  218   85   64   7.5133   7.5128     6       8       60
 256  230   89   64   7.5187   7.5202     6       8       60
