   N    K    R   GF   Coded    Info   Lat Threads Duration
 256   51   19   64  22.4662  22.4678     0      32       60
 256   64   25   64  23.4981  23.4997     0      32       60
 256   77   30   64  23.6791  23.6780     0      32       60
 256   90   35   64  23.5941  23.5951     0      32       60
 256  102   39   64  24.2701  24.2693     0      32       60
 256  115   44   64  23.3174  23.3162     0      32       60
 256  128   50   64  24.4883  24.4883     0      32       60
 256  141   55   64  24.5026  24.5022     0      32       60
 256  154   60   64  25.2065  25.2043     0      32       60
 256  169   66   64  25.8410  25.8409     0      32       60
 256  179   69   64  27.1546  27.1523     0      32       60
 256  192   75   64  26.9167  26.9168     0      32       60
 256  205   80   64  26.7544  26.7551     0      32       60
 256  218   85   64  26.7550  26.7529     1      32       60
 256  230   89   64  24.4418  24.4425     0      32       60
