   N    K    R   GF   Coded    Info   Lat Threads Duration
 256   51   19   64  11.7137  11.7154     1      24       60
 256   64   25   64  11.9620  11.9610     1      24       60
 256   77   30   64  11.7645  11.7632     1      24       60
 256   90   35   64  11.7810  11.7816     1      24       60
 256  102   39   64  11.7252  11.7244     1      24       60
 256  115   44   64  11.7806  11.7805     1      24       60
 256  128   50   64  11.3804  11.3804     1      24       60
 256  141   55   64  12.0115  12.0124     1      24       60
 256  154   60   64  12.0147  12.0143     1      24       60
 256  169   66   64  12.0925  12.0921     1      24       60
 256  179   69   64  12.0537  12.0530     1      24       60
 256  192   75   64  12.0863  12.0868     1      24       60
 256  205   80   64  12.1384  12.1384     1      24       60
 256  218   85   64  12.1023  12.1015     1      24       60
 256  230   89   64  12.1122  12.1131     1      24       60
