   N    K    R   GF   Coded    Info   Lat Threads Duration
 256   51   19   64  12.4335  12.4416     3      24       60
 256   64   25   64  12.0711  12.0742     3      24       60
 256   77   30   64  12.5731  12.5735     3      24       60
 256   90   35   64  12.1007  12.1023     3      24       60
 256  102   39   64  12.5835  12.5831     3      24       60
 256  115   44   64  12.1604  12.1608     3      24       60
 256  128   50   64  12.7431  12.7394     3      24       60
 256  141   55   64  12.1843  12.1858     3      24       60
 256  154   60   64  12.0810  12.0771     3      24       60
 256  169   66   64  13.2001  13.2008     4      24       60
 256  179   69   64  13.6403  13.6423     3      24       60
 256  192   75   64  13.2024  13.2026     4      24       60
 256  205   80   64  13.6575  13.6574     3      24       60
 256  218   85   64  13.1892  13.1892     4      24       60
 256  230   89   64  12.4035  12.4068     4      24       60
