   N    K    R   GF   Coded    Info   Lat Threads Duration
 256   51   19   64   3.9613   3.9612     4       4       60
 256   64   25   64   3.9652   3.9644     6       4       60
 256   77   30   64   4.0132   4.0120     6       4       60
 256   90   35   64   3.9048   3.9045     7       4       60
 256  102   39   64   3.9747   3.9753     7       4       60
 256  115   44   64   3.9494   3.9486     7       4       60
 256  128   50   64   4.0728   4.0708    15       4       60
 256  141   55   64   3.9293   3.9294    16       4       60
 256  154   60   64   4.0160   4.0177    16       4       60
 256  169   66   64   3.9862   3.9851    17       4       60
 256  179   69   64   4.0610   4.0622    18       4       60
 256  192   75   64   4.0409   4.0413    18       4       60
 256  205   80   64   4.0228   4.0245    20       4       60
 256  218   85   64   4.0273   4.0254    21       4       60
 256  230   89   64   4.0283   4.0281    16       4       60
