   N    K    R   GF   Coded    Info   Lat Threads Duration
 256   51   19   64   4.2332   4.2336     9       8       60
 256   64   25   64   4.2053   4.2073     9       8       60
 256   77   30   64   4.2167   4.2174    10       8       60
 256   90   35   64   4.2842   4.2837     9       8       60
 256  102   39   64   4.2274   4.2283    10       8       60
 256  115   44   64   4.3189   4.3192    10       8       60
 256  128   50   64   4.1970   4.1961    10       8       60
 256  141   55   64   4.3523   4.3512    10       8       60
 256  154   60   64   4.3503   4.3500    10       8       60
 256  169   66   64   4.3531   4.3538    10       8       60
 256  179   69   64   4.3543   4.3542    10       8       60
 256  192   75   64   4.3648   4.3646    10       8       60
 256  205   80   64   4.3604   4.3616    10       8       60
 256  218   85   64   4.3896   4.3897    10       8       60
 256  230   89   64   4.3686   4.3695    11       8       60
