   N    K    R   GF   Coded    Info   Lat Threads Duration
 256   51   19   64   4.3298   4.3296     1       8       60
 256   64   25   64   4.4629   4.4629     1       8       60
 256   77   30   64   4.3325   4.3321     1       8       60
 256   90   35   64   4.3423   4.3423     1       8       60
 256  102   39   64   4.3734   4.3734     1       8       60
 256  115   44   64   4.3053   4.3052     1       8       60
 256  128   50   64   4.3550   4.3550     3       8       60
 256  141   55   64   4.3079   4.3081     3       8       60
 256  154   60   64   4.3638   4.3639     3       8       60
 256  169   66   64   4.5098   4.5104     3       8       60
 256  179   69   64   4.5149   4.5153     4       8       60
 256  192   75   64   4.5274   4.5273     4       8       60
 256  205   80   64   4.5820   4.5816     4       8       60
 256  218   85   64   4.5691   4.5691     4       8       60
 256  230   89   64   4.3476   4.3476     3       8       60
