   N    K    R   GF   Coded    Info   Lat Threads Duration
 256   51   19   64   7.4621   7.4632     1       8       60
 256   64   25   64   7.3974   7.3970     1       8       60
 256   77   30   64   7.4654   7.4659     1       8       60
 256   90   35   64   7.4370   7.4373     1       8       60
 256  102   39   64   7.4651   7.4658     1       8       60
 256  115   44   64   7.4742   7.4736     1       8       60
 256  128   50   64   7.4890   7.4897     2       8       60
 256  141   55   64   7.4466   7.4472     2       8       60
 256  154   60   64   7.4940   7.4937     2       8       60
 256  169   66   64   7.4980   7.4983     2       8       60
 256  179   69   64   7.4985   7.4984     2       8       60
 256  192   75   64   7.4166   7.4166     2       8       60
 256  205   80   64   7.4959   7.4958     2       8       60
 256  218   85   64   7.4877   7.4868     2       8       60
 256  230   89   64   7.5403   7.5411     2       8       60
