   N    K    R   GF   Coded    Info   Lat Threads Duration
 256   51   19   64   22.76    4.53    67       1       30
 256   64   25   64   22.68    5.67    67       1       30
 256   77   30   64   22.58    6.79    68       1       30
 256   90   35   64   22.50    7.91    68       1       30
 256  102   39   64   22.38    8.92    68       1       30
 256  128   50   64   22.18   11.09    69       1       30
 256  154   60   64   22.01   13.24    69       1       30
 256  169   66   64   21.93   14.47    70       1       30
 256  179   69   64   21.83   15.26    70       1       30
 256  192   75   64   21.74   16.31    70       1       30
 256  210   82   64   21.63   17.74    71       1       30
 256  230   89   64   21.49   19.31    71       1       30
