   N    K    R   GF   Coded    Info   Lat Threads Duration
  64   13   20   64  117.58   23.88     3       1       30
  64   16   25   64  109.21   27.30     3       1       30
  64   19   29   64  100.42   29.81     3       1       30
  64   22   34   64   99.87   34.33     3       1       30
  64   26   40   64  108.23   43.97     3       1       30
  64   32   50   64  106.35   53.18     3       1       30
  64   38   59   64   96.04   57.03     3       1       30
  64   42   65   64   92.36   60.61     4       1       30
  64   45   70   64   85.02   59.78     4       1       30
  64   48   75   64  111.87   83.90     3       1       30
  64   52   81   64  103.74   84.29     3       1       30
  64   58   90   64  125.07  113.35     3       1       30
