   N    K    R   GF   Coded    Info   Lat Threads Duration
  64   13   20   64   47.47    9.64     8       1       30
  64   16   25   64   47.09   11.77     8       1       30
  64   19   29   64   46.07   13.68     8       1       30
  64   22   34   64   46.58   16.01     8       1       30
  64   26   40   64   45.77   18.59     8       1       30
  64   32   50   64   44.48   22.24     8       1       30
  64   38   59   64   43.95   26.10     8       1       30
  64   42   65   64   43.94   28.83     8       1       30
  64   45   70   64   43.07   30.28     8       1       30
  64   48   75   64   43.39   32.54     8       1       30
  64   52   81   64   42.48   34.51     9       1       30
  64   58   90   64   43.10   39.06     8       1       30
