   N    K    R   GF   Coded    Info   Lat Threads Duration
 256   51   19   64  150.77   30.04    10       1       30
 256   64   25   64  170.86   42.72     8       1       30
 256   77   30   64  144.66   43.51    10       1       30
 256   90   35   64  144.53   50.81    10       1       30
 256  102   39   64  144.97   57.76    10       1       30
 256  128   50   64   94.50   47.25    16       1       30
 256  154   60   64   93.49   56.24    16       1       30
 256  169   66   64   92.49   61.06    16       1       30
 256  179   69   64   80.04   55.97    19       1       30
 256  192   75   64   82.32   61.74    18       1       30
 256  210   82   64   72.84   59.76    21       1       30
 256  230   89   64   97.88   87.94    15       1       30
