   N    K    R   GF   Coded    Info   Lat Threads Duration
 128   26   20  256    4.69    0.95   218       1       30
 128   32   25  256    4.87    1.22   210       1       30
 128   38   29  256    4.95    1.47   206       1       30
 128   45   35  256    4.69    1.65   218       1       30
 128   51   39  256    4.72    1.88   216       1       30
 128   58   45  256    5.43    2.46   188       1       30
 128   64   50  256    4.66    2.33   219       1       30
 128   70   54  256    5.02    2.75   203       1       30
 128   77   60  256    4.84    2.91   211       1       30
 128   84   65  256    4.84    3.18   211       1       30
 128   90   70  256    4.65    3.27   220       1       30
 128   96   75  256    4.51    3.38   227       1       30
 128  102   79  256    4.63    3.69   221       1       30
 128  109   85  256    6.20    5.28   165       1       30
 128  115   89  256    6.24    5.61   164       1       30
