   N    K    R   GF   Coded    Info   Lat Threads Duration
 128   26   20  256    5.36    1.09   191       1       30
 128   32   25  256    5.61    1.40   182       1       30
 128   38   29  256    5.33    1.58   192       1       30
 128   45   35  256    4.67    1.64   219       1       30
 128   51   39  256    4.69    1.87   218       1       30
 128   58   45  256    5.42    2.46   188       1       30
 128   64   50  256    4.87    2.44   210       1       30
 128   70   54  256    5.04    2.75   203       1       30
 128   77   60  256    4.90    2.94   209       1       30
 128   84   65  256    4.65    3.05   220       1       30
 128   90   70  256    4.79    3.37   213       1       30
 128   96   75  256    4.44    3.33   230       1       30
 128  102   79  256    4.47    3.56   228       1       30
 128  109   85  256    5.95    5.06   172       1       30
 128  115   89  256    6.16    5.53   166       1       30
