   N    K    R   GF   Coded    Info   Lat Threads Duration
 128   26   20  128    4.99    1.01   179       1       30
 128   32   25  128    5.09    1.27   176       1       30
 128   38   29  128    5.09    1.51   175       1       30
 128   45   35  128    5.09    1.79   176       1       30
 128   51   39  128    4.99    1.99   179       1       30
 128   58   45  128    4.99    2.26   179       1       30
 128   64   50  128    4.80    2.40   186       1       30
 128   70   54  128    4.98    2.72   179       1       30
 128   77   60  128    4.83    2.91   185       1       30
 128   84   65  128    4.85    3.18   184       1       30
 128   90   70  128    4.79    3.37   186       1       30
 128   96   75  128    4.74    3.56   188       1       30
 128  102   79  128    4.70    3.75   190       1       30
 128  109   85  128    4.72    4.02   189       1       30
 128  115   89  128    4.58    4.12   195       1       30
