   N    K    R   GF   Coded    Info   Lat Threads Duration
 128   26   20  128   10.71    2.18    83       1       30
 128   32   25  128   11.11    2.78    80       1       30
 128   38   29  128   10.32    3.06    86       1       30
 128   45   35  128    9.32    3.28    96       1       30
 128   51   39  128    9.33    3.72    96       1       30
 128   58   45  128   10.51    4.76    85       1       30
 128   64   50  128    9.50    4.75    94       1       30
 128   70   54  128    9.85    5.39    90       1       30
 128   77   60  128    9.87    5.94    90       1       30
 128   84   65  128    9.33    6.12    96       1       30
 128   90   70  128    9.20    6.47    97       1       30
 128   96   75  128    8.80    6.60   101       1       30
 128  102   79  128    8.94    7.13   100       1       30
 128  109   85  128   12.02   10.24    74       1       30
 128  115   89  128   11.29   10.14    79       1       30
