   N    K    R   GF   Coded    Info   Lat Threads Duration
 128   26   20  128    9.13    1.85    98       1       30
 128   32   25  128    9.52    2.38    94       1       30
 128   38   29  128    9.49    2.82    94       1       30
 128   45   35  128    8.93    3.14   100       1       30
 128   51   39  128    8.91    3.55   100       1       30
 128   58   45  128   10.56    4.79    84       1       30
 128   64   50  128    8.86    4.43   101       1       30
 128   70   54  128    9.77    5.34    91       1       30
 128   77   60  128    9.30    5.60    96       1       30
 128   84   65  128    9.09    5.97    98       1       30
 128   90   70  128    9.06    6.37    98       1       30
 128   96   75  128    8.75    6.56   102       1       30
 128  102   79  128    8.76    6.98   102       1       30
 128  109   85  128   11.93   10.16    75       1       30
 128  115   89  128   11.99   10.78    74       1       30
