   N    K    R   GF   Coded    Info   Lat Threads Duration
 128   26   20  256    2.58    0.52   396       1       30
 128   32   25  256    2.60    0.65   394       1       30
 128   38   29  256    2.55    0.76   401       1       30
 128   45   35  256    2.48    0.87   412       1       30
 128   51   39  256    2.49    0.99   410       1       30
 128   58   45  256    2.55    1.16   400       1       30
 128   64   50  256    2.59    1.30   395       1       30
 128   70   54  256    2.45    1.34   417       1       30
 128   77   60  256    2.47    1.48   414       1       30
 128   84   65  256    2.44    1.60   419       1       30
 128   90   70  256    2.52    1.77   405       1       30
 128   96   75  256    2.45    1.84   418       1       30
 128  102   79  256    2.51    2.00   408       1       30
 128  109   85  256    2.45    2.09   418       1       30
 128  115   89  256    2.35    2.11   435       1       30
