   N    K    R   GF   Coded    Info   Lat Threads Duration
 256   51   19  128    4.40    0.88   407       1       30
 256   64   25  128    4.48    1.12   399       1       30
 256   77   30  128    4.36    1.31   411       1       30
 256   90   35  128    4.45    1.56   403       1       30
 256  102   39  128    4.30    1.71   416       1       30
 256  115   44  128    4.25    1.91   421       1       30
 256  128   50  128    4.38    2.19   409       1       30
 256  141   55  128    4.37    2.41   410       1       30
 256  154   60  128    4.24    2.55   422       1       30
 256  169   66  128    4.17    2.75   430       1       30
 256  179   69  128    4.05    2.83   442       1       30
 256  192   75  128    4.31    3.23   416       1       30
 256  205   80  128    4.25    3.40   421       1       30
 256  218   85  128    4.23    3.60   423       1       30
 256  230   89  128    4.18    3.75   428       1       30
