   N    K    R   GF   Coded    Info   Lat Threads Duration
 256   51   19   64  382.81   76.26     4       1       30
 256   64   25   64  302.64   75.66     5       1       30
 256   77   30   64  268.80   80.85     5       1       30
 256   90   35   64  249.82   87.83     6       1       30
 256  102   39   64  255.99  102.00     6       1       30
 256  115   44   64  228.66  102.72     6       1       30
 256  128   50   64  107.47   53.73    14       1       30
 256  141   55   64  102.64   56.53    14       1       30
 256  154   60   64  100.51   60.46    15       1       30
 256  169   66   64   97.47   64.35    15       1       30
 256  179   69   64   85.39   59.70    17       1       30
 256  192   75   64   86.20   64.65    17       1       30
 256  205   80   64   71.58   57.32    21       1       30
 256  218   85   64   73.78   62.83    20       1       30
 256  230   89   64   97.46   87.56    15       1       30
