   N    K    R   GF   Coded    Info   Lat Threads Duration
 256   51   19   16   23.98    4.78    42       1       30
 256   64   25   16   24.08    6.02    42       1       30
 256   77   30   16   23.96    7.21    42       1       30
 256   90   35   16   23.11    8.12    44       1       30
 256  102   39   16   23.46    9.35    43       1       30
 256  115   44   16   22.92   10.30    44       1       30
 256  128   50   16   22.99   11.49    44       1       30
 256  141   55   16   22.87   12.59    44       1       30
 256  154   60   16   23.02   13.85    44       1       30
 256  169   66   16   22.05   14.56    46       1       30
 256  179   69   16   22.65   15.84    45       1       30
 256  192   75   16   22.08   16.56    46       1       30
 256  205   80   16   21.09   16.89    48       1       30
 256  218   85   16   21.86   18.61    46       1       30
 256  230   89   16   22.13   19.88    46       1       30
