   N    K    R   GF   Coded    Info   Lat Threads Duration
 256   51   19  128   44.77    8.92    40       1       30
 256   64   25  128   33.79    8.45    53       1       30
 256   77   30  128   31.25    9.40    57       1       30
 256   90   35  128   29.09   10.23    61       1       30
 256  102   39  128   29.84   11.89    60       1       30
 256  115   44  128   27.34   12.28    65       1       30
 256  128   50  128   13.14    6.57   136       1       30
 256  141   55  128   12.25    6.75   146       1       30
 256  154   60  128   11.56    6.96   154       1       30
 256  169   66  128   11.39    7.52   157       1       30
 256  179   69  128   10.10    7.06   177       1       30
 256  192   75  128   10.15    7.61   176       1       30
 256  205   80  128    9.46    7.58   189       1       30
 256  218   85  128    8.96    7.63   200       1       30
 256  230   89  128   11.96   10.75   149       1       30
