   N    K    R   GF   Coded    Info   Lat Threads Duration
 256   51   19   64  136.32   27.16    11       1       30
 256   64   25   64  155.18   38.80     9       1       30
 256   77   30   64  134.58   40.48    11       1       30
 256   90   35   64  135.64   47.69    11       1       30
 256  102   39   64  137.09   54.62    11       1       30
 256  128   50   64   91.93   45.97    16       1       30
 256  154   60   64   90.64   54.53    16       1       30
 256  169   66   64   90.35   59.65    16       1       30
 256  179   69   64   76.86   53.74    19       1       30
 256  192   75   64   80.38   60.29    19       1       30
 256  210   82   64   71.60   58.73    21       1       30
 256  230   89   64   95.51   85.81    16       1       30
