   N    K    R   GF   Coded    Info   Lat Threads Duration
 256   51   19  128   57.97   11.55    30       1       30
 256   64   25  128   66.76   16.69    26       1       30
 256   77   30  128   57.77   17.38    31       1       30
 256   90   35  128   58.41   20.54    30       1       30
 256  102   39  128   59.23   23.60    30       1       30
 256  115   44  128   57.98   26.04    30       1       30
 256  128   50  128   40.19   20.10    44       1       30
 256  141   55  128   40.75   22.44    43       1       30
 256  154   60  128   40.93   24.62    43       1       30
 256  169   66  128   41.01   27.08    43       1       30
 256  179   69  128   35.22   24.63    50       1       30
 256  192   75  128   36.35   27.26    49       1       30
 256  205   80  128   33.48   26.81    53       1       30
 256  218   85  128   32.50   27.67    55       1       30
 256  230   89  128   41.97   37.71    42       1       30
