   N    K    R   GF   Coded    Info   Lat Threads Duration
 256   51   19   64   29.63    5.90    51       1       30
 256   64   25   64   29.73    7.43    51       1       30
 256   77   30   64   29.44    8.86    52       1       30
 256   90   35   64   29.22   10.27    52       1       30
 256  102   39   64   29.04   11.57    52       1       30
 256  128   50   64   28.92   14.46    53       1       30
 256  154   60   64   28.46   17.12    53       1       30
 256  169   66   64   28.26   18.66    54       1       30
 256  179   69   64   27.90   19.51    55       1       30
 256  192   75   64   27.94   20.95    54       1       30
 256  210   82   64   27.52   22.57    55       1       30
 256  230   89   64   27.42   24.63    56       1       30
