   N    K    R   GF   Coded    Info   Lat Threads Duration
 256   51   19   16   45.31    9.03    22       1       30
 256   64   25   16   44.95   11.24    22       1       30
 256   77   30   16   44.67   13.44    22       1       30
 256   90   35   16   44.44   15.62    23       1       30
 256  102   39   16   43.92   17.50    23       1       30
 256  128   50   16   43.01   21.50    23       1       30
 256  154   60   16   42.16   25.36    24       1       30
 256  169   66   16   41.84   27.62    24       1       30
 256  179   69   16   41.27   28.86    24       1       30
 256  192   75   16   41.07   30.80    24       1       30
 256  210   82   16   40.25   33.02    25       1       30
 256  230   89   16   39.67   35.64    25       1       30
