   N    K    R   GF   Coded    Info   Lat Threads Duration
 256   51   19  128   10.42    2.08   172       1       30
 256   64   25  128   10.36    2.59   173       1       30
 256   77   30  128   10.31    3.10   173       1       30
 256   90   35  128   10.28    3.61   174       1       30
 256  102   39  128   10.24    4.08   175       1       30
 256  115   44  128   10.20    4.58   175       1       30
 256  128   50  128   10.16    5.08   176       1       30
 256  141   55  128   10.13    5.58   176       1       30
 256  154   60  128   10.09    6.07   177       1       30
 256  169   66  128   10.05    6.64   178       1       30
 256  179   69  128   10.04    7.02   178       1       30
 256  192   75  128   10.00    7.50   179       1       30
 256  205   80  128    9.97    7.98   179       1       30
 256  218   85  128    9.93    8.45   180       1       30
 256  230   89  128    9.92    8.91   180       1       30
