   N    K    R   GF   Coded    Info   Lat Threads Duration
 256   51   19   16   43.89    8.74    23       1       30
 256   64   25   16   43.35   10.84    23       1       30
 256   77   30   16   42.97   12.93    23       1       30
 256   90   35   16   42.79   15.04    23       1       30
 256  102   39   16   42.35   16.87    24       1       30
 256  128   50   16   41.19   20.60    24       1       30
 256  154   60   16   40.25   24.21    25       1       30
 256  169   66   16   39.81   26.28    25       1       30
 256  179   69   16   39.78   27.81    25       1       30
 256  192   75   16   39.16   29.37    26       1       30
 256  210   82   16   38.64   31.70    26       1       30
 256  230   89   16   38.54   34.63    26       1       30
