   N    K    R   GF   Coded    Info   Lat Threads Duration
 256   51   19   16  234.74   46.77     4       1       30
 256   64   25   16  183.38   45.84     5       1       30
 256   77   30   16  173.55   52.20     5       1       30
 256   90   35   16  156.46   55.01     6       1       30
 256  102   39   16  158.56   63.18     6       1       30
 256  115   44   16  137.12   61.60     7       1       30
 256  128   50   16   77.16   38.58    13       1       30
 256  141   55   16   69.02   38.02    14       1       30
 256  154   60   16   68.90   41.45    14       1       30
 256  169   66   16   65.33   43.13    15       1       30
 256  179   69   16   56.19   39.29    18       1       30
 256  192   75   16   56.41   42.31    18       1       30
 256  205   80   16   50.31   40.29    20       1       30
 256  218   85   16   48.64   41.42    21       1       30
 256  230   89   16   59.72   53.65    17       1       30
