   N    K    R   GF   Coded    Info   Lat Threads Duration
 256   51   19   64   22.36    4.45    68       1       30
 256   64   25   64   22.45    5.61    68       1       30
 256   77   30   64   22.73    6.84    67       1       30
 256   90   35   64   22.74    8.00    67       1       30
 256  102   39   64   22.68    9.04    67       1       30
 256  128   50   64   22.45   11.23    68       1       30
 256  154   60   64   22.36   13.45    68       1       30
 256  169   66   64   22.26   14.69    69       1       30
 256  179   69   64   22.19   15.52    69       1       30
 256  192   75   64   22.12   16.59    69       1       30
 256  210   82   64   21.98   18.03    69       1       30
 256  230   89   64   21.86   19.64    70       1       30
