   N    K    R   GF   Coded    Info   Lat Threads Duration
 256   51   19   64   34.78    6.93    44       1       60
 256   64   25   64   34.93    8.73    43       1       60
 256   77   30   64   34.58   10.40    44       1       60
 256   90   35   64   34.26   12.04    44       1       60
 256  102   39   64   33.87   13.49    45       1       60
 256  128   50   64   33.59   16.80    45       1       60
 256  154   60   64   33.16   19.95    46       1       60
 256  169   66   64   32.88   21.71    46       1       60
 256  179   69   64   32.51   22.73    47       1       60
 256  192   75   64   32.51   24.38    47       1       60
 256  210   82   64   32.22   26.43    47       1       60
 256  230   89   64   31.94   28.70    48       1       60
