   N    K    R   GF   Coded    Info   Lat Threads Duration
 256   51   19  128   13.41    2.67   133       1       30
 256   64   25  128   13.44    3.36   133       1       30
 256   77   30  128   13.30    4.00   134       1       30
 256   90   35  128   13.22    4.65   135       1       30
 256  102   39  128   13.00    5.18   137       1       30
 256  115   44  128   13.01    5.85   137       1       30
 256  128   50  128   12.44    6.22   144       1       30
 256  141   55  128   12.98    7.15   138       1       30
 256  154   60  128   12.90    7.76   138       1       30
 256  169   66  128   12.82    8.47   139       1       30
 256  179   69  128   12.78    8.94   140       1       30
 256  192   75  128   12.68    9.51   141       1       30
 256  205   80  128   12.58   10.08   142       1       30
 256  218   85  128   12.58   10.71   142       1       30
 256  230   89  128   12.51   11.24   143       1       30
