   N    K    R   GF   Coded    Info   Lat Threads Duration
 256   51   19   16  101.47   20.22    10       1       30
 256   64   25   16  109.30   27.32     9       1       30
 256   77   30   16   95.91   28.85    10       1       30
 256   90   35   16   95.47   33.56    10       1       30
 256  102   39   16   95.38   38.00    10       1       30
 256  115   44   16   91.83   41.25    11       1       30
 256  128   50   16   62.70   31.35    16       1       30
 256  141   55   16   63.11   34.76    16       1       30
 256  154   60   16   62.56   37.63    16       1       30
 256  169   66   16   61.21   40.41    16       1       30
 256  179   69   16   52.09   36.42    19       1       30
 256  192   75   16   53.50   40.12    19       1       30
 256  205   80   16   49.40   39.56    20       1       30
 256  218   85   16   46.45   39.56    22       1       30
 256  230   89   16   61.18   54.96    16       1       30
