   N    K    R   GF   Coded    Info   Lat Threads Duration
  64   13   20  256    9.46    1.92    54       1       30
  64   16   25  256    9.41    2.35    54       1       30
  64   19   29  256    9.34    2.77    54       1       30
  64   22   34  256    9.28    3.19    55       1       30
  64   26   40  256    9.21    3.74    55       1       30
  64   32   50  256    9.10    4.55    56       1       30
  64   38   59  256    8.97    5.33    57       1       30
  64   42   65  256    8.94    5.87    57       1       30
  64   45   70  256    8.88    6.24    57       1       30
  64   48   75  256    8.84    6.63    57       1       30
  64   52   81  256    8.81    7.16    58       1       30
  64   58   90  256    9.12    8.27    56       1       30
