   N    K    R   GF   Coded    Info   Lat Threads Duration
  64   13   20   16  130.29   26.47     1       1        1
  64   16   25   16  126.50   31.63     2       1        1
  64   19   29   16  119.83   35.58     2       1        1
  64   22   34   16  121.24   41.68     2       1        1
  64   26   40   16  133.61   54.28     1       1        1
  64   32   50   16  128.37   64.18     1       1        1
  64   38   59   16  103.57   61.49     2       1        1
  64   42   65   16   99.35   65.20     2       1        1
  64   45   70   16   89.30   62.79     2       1        1
  64   48   75   16  110.97   83.23     2       1        1
  64   52   81   16  100.70   81.82     2       1        1
  64   58   90   16  129.80  117.63     1       1        1
