   N    K    R   GF   Coded    Info   Lat Threads Duration
  64   13   20  256   10.52    2.14    48       1       60
  64   16   25  256   10.49    2.62    48       1       60
  64   19   29  256   10.42    3.09    49       1       60
  64   22   34  256   10.38    3.57    49       1       60
  64   26   40  256   10.32    4.19    49       1       60
  64   32   50  256   10.10    5.05    50       1       60
  64   38   59  256   10.10    6.00    50       1       60
  64   42   65  256   10.08    6.61    50       1       60
  64   45   70  256   10.04    7.06    50       1       60
  64   48   75  256    9.99    7.49    51       1       60
  64   52   81  256    9.93    8.07    51       1       60
  64   58   90  256   10.07    9.13    50       1       60
