   N    K    R   GF   Coded    Info   Lat Threads Duration
  64   13   20  256    6.34    1.29    80       1       30
  64   16   25  256    5.97    1.49    85       1       30
  64   19   29  256    4.99    1.48   102       1       30
  64   22   34  256    5.07    1.74   100       1       30
  64   26   40  256    5.77    2.34    88       1       30
  64   29   45  256    5.87    2.66    87       1       30
  64   32   50  256    5.93    2.96    86       1       30
  64   35   54  256    5.28    2.89    96       1       30
  64   38   59  256    5.60    3.32    91       1       30
  64   42   65  256    5.19    3.40    98       1       30
  64   45   70  256    5.03    3.54   101       1       30
  64   48   75  256    6.81    5.11    75       1       30
  64   51   79  256    6.37    5.08    80       1       30
  64   54   84  256    7.53    6.36    67       1       30
  64   58   90  256    8.63    7.82    59       1       30
