   N    K    R   GF   Coded    Info   Lat Threads Duration
  64   13   20  256    6.89    1.40    74       1       30
  64   16   25  256    6.86    1.72    74       1       30
  64   19   29  256    6.84    2.03    74       1       30
  64   22   34  256    6.82    2.34    75       1       30
  64   26   40  256    6.82    2.77    75       1       30
  64   32   50  256    6.82    3.41    75       1       30
  64   38   59  256    6.79    4.03    75       1       30
  64   42   65  256    6.80    4.46    75       1       30
  64   45   70  256    6.77    4.76    75       1       30
  64   48   75  256    6.76    5.07    75       1       30
  64   52   81  256    6.75    5.49    75       1       30
  64   58   90  256    6.75    6.12    75       1       30
