   N    K    R   GF   Coded    Info   Lat Threads Duration
  64   13   20  256    6.36    1.29    80       1       30
  64   16   25  256    5.96    1.49    85       1       30
  64   19   29  256    5.81    1.73    88       1       30
  64   22   34  256    5.88    2.02    87       1       30
  64   26   40  256    6.35    2.58    80       1       30
  64   29   45  256    6.14    2.78    83       1       30
  64   32   50  256    5.94    2.97    86       1       30
  64   35   54  256    5.36    2.93    95       1       30
  64   38   59  256    5.74    3.41    89       1       30
  64   42   65  256    5.65    3.71    90       1       30
  64   45   70  256    5.08    3.57   100       1       30
  64   48   75  256    6.76    5.07    75       1       30
  64   51   79  256    6.62    5.28    77       1       30
  64   54   84  256    7.54    6.36    67       1       30
  64   58   90  256    8.38    7.60    61       1       30
