   N    K    R   GF   Coded    Info   Lat Threads Duration
 256   51   19   64  939.57  187.18     1      64       60
 256   64   25   64  927.62  231.91     1      64       60
 256   77   30   64  923.92  277.90     1      64       60
 256   90   35   64  919.65  323.32     1      64       60
 256  102   39   64  913.29  363.89     1      64       60
 256  128   50   64  904.02  452.01     1      64       60
 256  154   60   64  892.30  536.78     1      64       60
 256  169   66   64  886.95  585.53     1      64       60
 256  179   69   64  882.91  617.35     1      64       60
 256  192   75   64  879.13  659.35     1      64       60
 256  210   82   64  873.93  716.89     1      64       60
 256  230   89   64  868.93  780.68     1      64       60
