   N    K    R   GF   Coded    Info   Lat Threads Duration
 128   26   20  256  319.27   64.85     3      64       60
 128   32   25  256  318.20   79.55     3      64       60
 128   38   29  256  316.62   94.00     3      64       60
 128   45   35  256  315.19  110.81     3      64       60
 128   51   39  256  313.68  124.98     3      64       60
 128   58   45  256  311.83  141.30     3      64       60
 128   64   50  256  311.02  155.51     3      64       60
 128   70   54  256  309.19  169.09     3      64       60
 128   77   60  256  307.92  185.24     3      64       60
 128   84   65  256  306.03  200.83     3      64       60
 128   90   70  256  303.86  213.65     3      64       60
 128   96   75  256  302.72  227.04     3      64       60
 128  102   79  256  301.57  240.31     3      64       60
 128  109   85  256  300.20  255.63     3      64       60
 128  115   89  256  298.79  268.45     3      64       60
