   N    K    R   GF   Coded    Info   Lat Threads Duration
 128   26   20  256  573.20  116.43     1      64       60
 128   32   25  256  599.93  149.98     1      64       60
 128   38   29  256  598.77  177.76     1      64       60
 128   45   35  256  566.69  199.23     1      64       60
 128   51   39  256  571.59  227.74     1      64       60
 128   58   45  256  653.88  296.29     1      64       60
 128   64   50  256  591.41  295.70     1      64       60
 128   70   54  256  626.81  342.79     1      64       60
 128   77   60  256  594.81  357.82     1      64       60
 128   84   65  256  597.34  392.00     1      64       60
 128   90   70  256  597.94  420.42     1      64       60
 128   96   75  256  570.87  428.15     1      64       60
 128  102   79  256  571.45  455.37     1      64       60
 128  109   85  256  752.75  641.01     1      64       60
 128  115   89  256  757.02  680.14     1      64       60
