   N    K    R   GF   Coded    Info   Lat Threads Duration
 128   26   20  256  670.45  136.19     1      64       60
 128   32   25  256  691.35  172.84     1      64       60
 128   38   29  256  673.27  199.88     1      64       60
 128   45   35  256  593.30  208.58     1      64       60
 128   51   39  256  591.77  235.78     1      64       60
 128   58   45  256  676.54  306.56     1      64       60
 128   64   50  256  603.24  301.62     1      64       60
 128   70   54  256  623.83  341.16     1      64       60
 128   77   60  256  620.59  373.32     1      64       60
 128   84   65  256  591.99  388.49     1      64       60
 128   90   70  256  590.22  415.00     1      64       60
 128   96   75  256  567.30  425.47     1      64       60
 128  102   79  256  568.21  452.80     1      64       60
 128  109   85  256  747.69  636.71     1      64       60
 128  115   89  256  753.76  677.21     1      64       60
