   N    K    R   GF   Coded    Info   Lat Threads Duration
 128   26   20  128  599.50  121.77     1      64       60
 128   32   25  128  573.51  143.38     1      64       60
 128   38   29  128  570.73  169.44     1      64       60
 128   45   35  128  616.41  216.71     1      64       60
 128   51   39  128  615.11  245.08     1      64       60
 128   58   45  128  559.85  253.68     1      64       60
 128   64   50  128  557.28  278.64     1      64       60
 128   70   54  128  581.01  317.74     1      64       60
 128   77   60  128  596.94  359.10     1      64       60
 128   84   65  128  591.79  388.36     1      64       60
 128   90   70  128  545.63  383.64     1      64       60
 128   96   75  128  543.00  407.25     1      64       60
 128  102   79  128  573.73  457.19     1      64       60
 128  109   85  128  536.69  457.03     1      64       60
 128  115   89  128  534.18  479.92     1      64       60
