   N    K    R   GF   Coded    Info   Lat Threads Duration
 256   51   19   64  930.95  185.46     1      64       60
 256   64   25   64  926.28  231.57     1      64       60
 256   77   30   64  921.38  277.13     1      64       60
 256   90   35   64  918.42  322.88     1      64       60
 256  102   39   64  911.52  363.18     1      64       60
 256  128   50   64  901.35  450.68     1      64       60
 256  154   60   64  887.29  533.76     1      64       60
 256  169   66   64  883.59  583.31     1      64       60
 256  179   69   64  882.12  616.80     1      64       60
 256  192   75   64  875.35  656.51     1      64       60
 256  210   82   64  867.96  712.00     1      64       60
 256  230   89   64  863.69  775.97     1      64       60
