   N    K    R   GF   Coded    Info   Lat Threads Duration
 256   51   19  128  507.28  101.06     3      64       60
 256   64   25  128  504.06  126.02     3      64       60
 256   77   30  128  500.49  150.54     3      64       60
 256   90   35  128  498.81  175.36     3      64       60
 256  102   39  128  496.31  197.75     3      64       60
 256  115   44  128  493.99  221.91     3      64       60
 256  128   50  128  489.96  244.98     3      64       60
 256  141   55  128  487.18  268.33     3      64       60
 256  154   60  128  484.90  291.70     3      64       60
 256  169   66  128  481.53  317.89     3      64       60
 256  179   69  128  481.08  336.38     3      64       60
 256  192   75  128  479.07  359.30     3      64       60
 256  205   80  128  475.85  381.05     3      64       60
 256  218   85  128  473.17  402.93     3      64       60
 256  230   89  128  471.42  423.55     3      64       60
