   N    K    R   GF   Coded    Info   Lat Threads Duration
  64   13   20  256  786.31  159.72     0      64       60
  64   16   25  256  726.48  181.62     0      64       60
  64   19   29  256  602.34  178.82     0      64       60
  64   22   34  256  610.16  209.74     0      64       60
  64   26   40  256  675.70  274.50     0      64       60
  64   32   50  256  687.19  343.59     0      64       60
  64   38   59  256  659.79  391.75     0      64       60
  64   42   65  256  617.52  405.25     0      64       60
  64   45   70  256  605.34  425.63     0      64       60
  64   48   75  256  802.78  602.08     0      64       60
  64   52   81  256  759.13  616.79     0      64       60
  64   58   90  256  898.56  814.32     0      64       60
