   N    K    R   GF   Coded    Info   Lat Threads Duration
  64   13   20  256  807.49  164.02     0      64       60
  64   16   25  256  755.86  188.96     0      64       60
  64   19   29  256  706.13  209.63     0      64       60
  64   22   34  256  706.01  242.69     0      64       60
  64   26   40  256  764.61  310.62     0      64       60
  64   32   50  256  725.40  362.70     0      64       60
  64   38   59  256  673.35  399.80     0      64       60
  64   42   65  256  657.70  431.61     0      64       60
  64   45   70  256  609.39  428.48     0      64       60
  64   48   75  256  811.14  608.35     0      64       60
  64   52   81  256  762.34  619.40     0      64       60
  64   58   90  256  845.74  766.45     0      64       60
