   N    K    R   GF   Coded    Info   Lat Threads Duration
  64   13   20  256  344.07   69.89     1      64       60
  64   16   25  256  342.18   85.55     1      64       60
  64   19   29  256  340.89  101.20     1      64       60
  64   22   34  256  340.09  116.91     1      64       60
  64   26   40  256  337.48  137.10     1      64       60
  64   32   50  256  334.57  167.28     1      64       60
  64   38   59  256  332.30  197.30     1      64       60
  64   42   65  256  328.70  215.71     1      64       60
  64   45   70  256  326.93  229.87     1      64       60
  64   48   75  256  325.38  244.04     1      64       60
  64   52   81  256  323.13  262.55     1      64       60
  64   58   90  256  330.11  299.17     1      64       60
