   N    K    R   GF   Coded    Info   Lat Threads Duration
 128   26   20  256    1.74    0.35   589       1       60
 128   32   25  256    1.73    0.43   591       1       60
 128   38   29  256    1.71    0.51   598       1       60
 128   45   35  256    1.71    0.60   597       1       60
 128   51   39  256    1.71    0.68   599       1       60
 128   58   45  256    1.68    0.76   608       1       60
 128   64   50  256    1.71    0.85   599       1       60
 128   70   54  256    1.72    0.94   596       1       60
 128   77   60  256    1.74    1.05   588       1       60
 128   84   65  256    1.74    1.14   589       1       60
 128   90   70  256    1.74    1.22   589       1       60
 128   96   75  256    1.73    1.30   590       1       60
 128  102   79  256    1.70    1.36   601       1       60
 128  109   85  256    1.73    1.47   593       1       60
 128  115   89  256    1.71    1.54   599       1       60
