   N    K    R   GF   Coded    Info   Lat Threads Duration
 128   26   20  256    2.29    0.46   447       1       60
 128   32   25  256    2.32    0.58   441       1       60
 128   38   29  256    2.33    0.69   439       1       60
 128   45   35  256    2.31    0.81   442       1       60
 128   51   39  256    2.27    0.91   450       1       60
 128   58   45  256    2.29    1.04   446       1       60
 128   64   50  256    2.27    1.13   451       1       60
 128   70   54  256    2.28    1.25   448       1       60
 128   77   60  256    2.23    1.34   458       1       60
 128   84   65  256    2.26    1.49   452       1       60
 128   90   70  256    2.26    1.59   452       1       60
 128   96   75  256    2.23    1.67   459       1       60
 128  102   79  256    2.26    1.80   453       1       60
 128  109   85  256    2.24    1.91   457       1       60
 128  115   89  256    2.22    2.00   460       1       60
