   N    K    R   GF   Coded    Info   Lat Threads Duration
 128   26   20  256    2.02    0.41   506       1       60
 128   32   25  256    2.00    0.50   513       1       60
 128   38   29  256    2.01    0.60   509       1       60
 128   45   35  256    1.93    0.68   531       1       60
 128   51   39  256    1.98    0.79   517       1       60
 128   58   45  256    1.97    0.89   519       1       60
 128   64   50  256    1.98    0.99   517       1       60
 128   70   54  256    1.92    1.05   533       1       60
 128   77   60  256    1.94    1.17   526       1       60
 128   84   65  256    1.92    1.26   532       1       60
 128   90   70  256    1.92    1.35   533       1       60
 128   96   75  256    1.95    1.46   525       1       60
 128  102   79  256    1.94    1.55   527       1       60
 128  109   85  256    1.87    1.59   548       1       60
 128  115   89  256    1.90    1.71   539       1       60
