   N    K    R   GF   Coded    Info   Lat Threads Duration
 128   26   20  128    9.02    1.83    99       1       60
 128   32   25  128    9.27    2.32    96       1       60
 128   38   29  128    9.47    2.81    94       1       60
 128   45   35  128    8.84    3.11   101       1       60
 128   51   39  128    8.89    3.54   100       1       60
 128   58   45  128   10.18    4.61    88       1       60
 128   64   50  128    9.00    4.50    99       1       60
 128   70   54  128    9.66    5.28    92       1       60
 128   77   60  128    9.01    5.42    99       1       60
 128   84   65  128    9.20    6.04    97       1       60
 128   90   70  128    9.22    6.48    97       1       60
 128   96   75  128    8.70    6.53   102       1       60
 128  102   79  128    8.61    6.86   104       1       60
 128  109   85  128   11.66    9.93    76       1       60
 128  115   89  128   11.66   10.48    76       1       60
