   N    K    R   GF   Coded    Info   Lat Threads Duration
 128   26   20  128    3.86    0.78   232       1       60
 128   32   25  128    3.85    0.96   232       1       60
 128   38   29  128    3.83    1.14   233       1       60
 128   45   35  128    3.78    1.33   236       1       60
 128   51   39  128    3.73    1.48   240       1       60
 128   58   45  128    3.75    1.70   238       1       60
 128   64   50  128    3.75    1.87   239       1       60
 128   70   54  128    3.73    2.04   240       1       60
 128   77   60  128    3.73    2.24   240       1       60
 128   84   65  128    3.68    2.42   243       1       60
 128   90   70  128    3.66    2.58   244       1       60
 128   96   75  128    3.66    2.74   244       1       60
 128  102   79  128    3.67    2.92   244       1       60
 128  109   85  128    3.65    3.11   245       1       60
 128  115   89  128    3.60    3.24   248       1       60
