   N    K    R   GF   Coded    Info   Lat Threads Duration
 128   26   20  128    4.92    1.00   182       1       60
 128   32   25  128    4.85    1.21   184       1       60
 128   38   29  128    4.88    1.45   183       1       60
 128   45   35  128    4.87    1.71   184       1       60
 128   51   39  128    4.84    1.93   185       1       60
 128   58   45  128    4.79    2.17   186       1       60
 128   64   50  128    4.78    2.39   187       1       60
 128   70   54  128    4.69    2.57   190       1       60
 128   77   60  128    4.76    2.86   188       1       60
 128   84   65  128    4.70    3.08   190       1       60
 128   90   70  128    4.73    3.32   189       1       60
 128   96   75  128    4.71    3.53   190       1       60
 128  102   79  128    4.74    3.78   189       1       60
 128  109   85  128    4.66    3.97   192       1       60
 128  115   89  128    4.67    4.19   191       1       60
