   N    K    R   GF   Coded    Info   Lat Threads Duration
 128   26   20  256    4.19    0.85   244       1       60
 128   32   25  256    4.47    1.12   229       1       60
 128   38   29  256    4.49    1.33   228       1       60
 128   45   35  256    4.16    1.46   246       1       60
 128   51   39  256    4.26    1.70   240       1       60
 128   58   45  256    4.98    2.26   205       1       60
 128   64   50  256    4.35    2.18   235       1       60
 128   70   54  256    4.63    2.53   221       1       60
 128   77   60  256    4.39    2.64   233       1       60
 128   84   65  256    4.36    2.86   234       1       60
 128   90   70  256    4.42    3.11   231       1       60
 128   96   75  256    4.26    3.19   240       1       60
 128  102   79  256    4.27    3.40   240       1       60
 128  109   85  256    5.54    4.72   184       1       60
 128  115   89  256    5.56    4.99   184       1       60
