   N    K    R   GF   Coded    Info   Lat Threads Duration
 128   26   20  128    9.80    1.99    91       1       60
 128   32   25  128   10.19    2.55    87       1       60
 128   38   29  128    9.74    2.89    92       1       60
 128   45   35  128    8.81    3.10   101       1       60
 128   51   39  128    8.78    3.50   102       1       60
 128   58   45  128   10.01    4.54    89       1       60
 128   64   50  128    8.74    4.37   102       1       60
 128   70   54  128    9.23    5.05    97       1       60
 128   77   60  128    9.39    5.65    95       1       60
 128   84   65  128    8.89    5.84   100       1       60
 128   90   70  128    8.96    6.30    99       1       60
 128   96   75  128    8.41    6.30   106       1       60
 128  102   79  128    8.46    6.74   105       1       60
 128  109   85  128   11.43    9.73    78       1       60
 128  115   89  128   11.54   10.37    77       1       60
