   N    K    R   GF   Coded    Info   Lat Threads Duration
 128   26   20  128    3.39    0.69   264       1       60
 128   32   25  128    3.37    0.84   265       1       60
 128   38   29  128    3.36    1.00   266       1       60
 128   45   35  128    3.40    1.20   263       1       60
 128   51   39  128    3.37    1.34   265       1       60
 128   58   45  128    3.40    1.54   263       1       60
 128   64   50  128    3.36    1.68   266       1       60
 128   70   54  128    3.39    1.86   263       1       60
 128   77   60  128    3.35    2.01   267       1       60
 128   84   65  128    3.39    2.22   264       1       60
 128   90   70  128    3.28    2.31   273       1       60
 128   96   75  128    3.37    2.53   266       1       60
 128  102   79  128    3.38    2.69   265       1       60
 128  109   85  128    3.35    2.85   267       1       60
 128  115   89  128    3.32    2.98   270       1       60
