   N    K    R   GF   Coded    Info   Lat Threads Duration
 128   26   20  256    4.71    0.96   217       1       60
 128   32   25  256    4.93    1.23   207       1       60
 128   38   29  256    4.86    1.44   210       1       60
 128   45   35  256    4.15    1.46   246       1       60
 128   51   39  256    4.26    1.70   240       1       60
 128   58   45  256    4.77    2.16   214       1       60
 128   64   50  256    4.29    2.14   238       1       60
 128   70   54  256    4.46    2.44   229       1       60
 128   77   60  256    4.56    2.74   224       1       60
 128   84   65  256    4.29    2.82   238       1       60
 128   90   70  256    4.28    3.01   238       1       60
 128   96   75  256    4.09    3.07   250       1       60
 128  102   79  256    4.03    3.21   253       1       60
 128  109   85  256    5.53    4.71   185       1       60
 128  115   89  256    5.60    5.03   182       1       60
