   N    K    R   GF   Coded    Info   Lat Threads Duration
 256   51   19   16   17.05    3.40    60       1       60
 256   64   25   16   17.10    4.27    59       1       60
 256   77   30   16   16.99    5.11    60       1       60
 256   90   35   16   16.95    5.96    60       1       60
 256  102   39   16   16.88    6.73    60       1       60
 256  115   44   16   16.42    7.38    62       1       60
 256  128   50   16   16.53    8.26    61       1       60
 256  141   55   16   16.54    9.11    61       1       60
 256  154   60   16   16.10    9.69    63       1       60
 256  169   66   16   16.47   10.88    62       1       60
 256  179   69   16   16.27   11.38    62       1       60
 256  192   75   16   16.34   12.25    62       1       60
 256  205   80   16   16.14   12.93    63       1       60
 256  218   85   16   16.20   13.80    63       1       60
 256  230   89   16   16.15   14.51    63       1       60
