   N    K    R   GF   Coded    Info   Lat Threads Duration
 256   51   19   64    7.15    1.42   214       1       60
 256   64   25   64    7.17    1.79   214       1       60
 256   77   30   64    7.19    2.16   213       1       60
 256   90   35   64    7.18    2.52   213       1       60
 256  102   39   64    7.13    2.84   215       1       60
 256  115   44   64    7.07    3.17   217       1       60
 256  128   50   64    7.00    3.50   219       1       60
 256  141   55   64    6.95    3.83   221       1       60
 256  154   60   64    7.05    4.24   218       1       60
 256  169   66   64    6.99    4.61   219       1       60
 256  179   69   64    6.88    4.81   223       1       60
 256  192   75   64    6.87    5.15   223       1       60
 256  205   80   64    6.78    5.43   226       1       60
 256  218   85   64    6.70    5.70   229       1       60
 256  230   89   64    6.84    6.15   224       1       60
