   N    K    R   GF   Coded    Info   Lat Threads Duration
 256   51   19  128   15.83    3.15   113       1       60
 256   64   25  128   18.14    4.54    98       1       60
 256   77   30  128   15.83    4.76   113       1       60
 256   90   35  128   15.95    5.61   112       1       60
 256  102   39  128   16.45    6.56   108       1       60
 256  115   44  128   15.79    7.09   113       1       60
 256  128   50  128   11.11    5.55   161       1       60
 256  141   55  128   10.93    6.02   163       1       60
 256  154   60  128   11.15    6.71   160       1       60
 256  169   66  128   11.13    7.35   160       1       60
 256  179   69  128    9.51    6.65   188       1       60
 256  192   75  128    9.71    7.28   184       1       60
 256  205   80  128    8.75    7.01   204       1       60
 256  218   85  128    8.82    7.51   203       1       60
 256  230   89  128   11.46   10.30   156       1       60
