   N    K    R   GF   Coded    Info   Lat Threads Duration
 256   51   19   16   17.62    3.51    58       1       60
 256   64   25   16   17.37    4.34    58       1       60
 256   77   30   16   17.17    5.16    59       1       60
 256   90   35   16   17.18    6.04    59       1       60
 256  102   39   16   16.96    6.76    60       1       60
 256  115   44   16   16.76    7.53    61       1       60
 256  128   50   16   17.14    8.57    59       1       60
 256  141   55   16   17.08    9.41    59       1       60
 256  154   60   16   16.85   10.14    60       1       60
 256  169   66   16   16.65   10.99    61       1       60
 256  179   69   16   16.92   11.83    60       1       60
 256  192   75   16   16.79   12.60    60       1       60
 256  205   80   16   16.70   13.37    61       1       60
 256  218   85   16   16.16   13.76    63       1       60
 256  230   89   16   16.21   14.56    63       1       60
