   N    K    R   GF   Coded    Info   Lat Threads Duration
 256   51   19   16   23.97    4.78    42       1       60
 256   64   25   16   23.66    5.91    43       1       60
 256   77   30   16   24.03    7.23    42       1       60
 256   90   35   16   23.48    8.26    43       1       60
 256  102   39   16   23.43    9.34    43       1       60
 256  115   44   16   23.39   10.51    43       1       60
 256  128   50   16   23.02   11.51    44       1       60
 256  141   55   16   23.16   12.75    44       1       60
 256  154   60   16   22.63   13.61    45       1       60
 256  169   66   16   22.45   14.82    45       1       60
 256  179   69   16   22.70   15.87    45       1       60
 256  192   75   16   22.74   17.05    45       1       60
 256  205   80   16   22.29   17.85    45       1       60
 256  218   85   16   22.17   18.88    46       1       60
 256  230   89   16   22.08   19.83    46       1       60
