   N    K    R   GF   Coded    Info   Lat Threads Duration
 256   51   19  128    3.36    0.67   533       1       60
 256   64   25  128    3.29    0.82   545       1       60
 256   77   30  128    3.32    1.00   539       1       60
 256   90   35  128    3.28    1.15   546       1       60
 256  102   39  128    3.27    1.30   547       1       60
 256  115   44  128    3.30    1.48   542       1       60
 256  128   50  128    3.26    1.63   550       1       60
 256  141   55  128    3.22    1.77   556       1       60
 256  154   60  128    3.23    1.94   554       1       60
 256  169   66  128    3.21    2.12   559       1       60
 256  179   69  128    3.18    2.22   563       1       60
 256  192   75  128    3.21    2.41   558       1       60
 256  205   80  128    3.17    2.54   565       1       60
 256  218   85  128    3.18    2.71   563       1       60
 256  230   89  128    3.14    2.82   570       1       60
