   N    K    R   GF   Coded    Info   Lat Threads Duration
 256   51   19  128    2.98    0.59   601       1       60
 256   64   25  128    2.94    0.73   609       1       60
 256   77   30  128    2.95    0.89   607       1       60
 256   90   35  128    2.98    1.05   601       1       60
 256  102   39  128    2.92    1.16   613       1       60
 256  115   44  128    2.93    1.32   611       1       60
 256  128   50  128    2.97    1.49   603       1       60
 256  141   55  128    2.89    1.59   620       1       60
 256  154   60  128    2.91    1.75   616       1       60
 256  169   66  128    2.93    1.94   610       1       60
 256  179   69  128    2.89    2.02   619       1       60
 256  192   75  128    2.90    2.18   617       1       60
 256  205   80  128    2.94    2.36   609       1       60
 256  218   85  128    2.91    2.48   615       1       60
 256  230   89  128    2.88    2.59   621       1       60
