   N    K    R   GF   Coded    Info   Lat Threads Duration
 256   51   19  128    4.19    0.83   427       1       60
 256   64   25  128    4.24    1.06   422       1       60
 256   77   30  128    4.21    1.27   425       1       60
 256   90   35  128    4.17    1.46   430       1       60
 256  102   39  128    4.17    1.66   430       1       60
 256  115   44  128    4.17    1.88   429       1       60
 256  128   50  128    4.16    2.08   430       1       60
 256  141   55  128    4.18    2.30   428       1       60
 256  154   60  128    4.14    2.49   433       1       60
 256  169   66  128    4.17    2.75   429       1       60
 256  179   69  128    4.11    2.87   435       1       60
 256  192   75  128    4.19    3.14   427       1       60
 256  205   80  128    4.13    3.31   433       1       60
 256  218   85  128    4.11    3.50   435       1       60
 256  230   89  128    4.14    3.72   433       1       60
