   N    K    R   GF   Coded    Info   Lat Threads Duration
 256   51   19   64    8.69    1.73   176       1       10
 256   64   25   64    8.70    2.18   176       1       10
 256   77   30   64    8.09    2.43   189       1       10
 256   90   35   64    8.35    2.94   183       1       10
 256  102   39   64    8.09    3.22   189       1       10
 256  115   44   64    7.58    3.41   202       1       10
 256  128   50   64    7.71    3.85   199       1       10
 256  141   55   64    7.99    4.40   192       1       10
 256  154   60   64    8.58    5.16   179       1       10
 256  169   66   64    7.72    5.10   198       1       10
 256  179   69   64    7.75    5.42   198       1       10
 256  192   75   64    7.56    5.67   203       1       10
 256  205   80   64    7.66    6.13   200       1       10
 256  218   85   64    7.48    6.37   205       1       10
 256  230   89   64    8.04    7.23   190       1       10
