   N    K    R   GF   Coded    Info   Lat Threads Duration
 256   51   19   16  216.74   43.18     4       1       60
 256   64   25   16  176.33   44.08     5       1       60
 256   77   30   16  150.14   45.16     6       1       60
 256   90   35   16  137.15   48.22     7       1       60
 256  102   39   16  146.75   58.47     6       1       60
 256  115   44   16  125.31   56.29     8       1       60
 256  128   50   16   63.01   31.50    16       1       60
 256  141   55   16   57.95   31.92    17       1       60
 256  154   60   16   55.77   33.55    18       1       60
 256  169   66   16   55.15   36.41    18       1       60
 256  179   69   16   47.88   33.48    21       1       60
 256  192   75   16   47.99   35.99    21       1       60
 256  205   80   16   45.58   36.50    22       1       60
 256  218   85   16   44.16   37.61    23       1       60
 256  230   89   16   53.44   48.01    19       1       60
