   N    K    R   GF   Coded    Info   Lat Threads Duration
 256   51   19   64   72.11   14.36    21       1       10
 256   64   25   64   61.79   15.45    24       1       10
 256   77   30   64   49.77   14.97    30       1       10
 256   90   35   64   47.30   16.63    32       1       10
 256  102   39   64   55.88   22.27    27       1       10
 256  115   44   64   44.23   19.87    34       1       10
 256  128   50   64   24.08   12.04    63       1       10
 256  141   55   64   21.86   12.04    70       1       10
 256  154   60   64   19.79   11.90    77       1       10
 256  169   66   64   20.69   13.66    74       1       10
 256  179   69   64   19.04   13.31    80       1       10
 256  192   75   64   20.23   15.17    75       1       10
 256  205   80   64   16.51   13.22    93       1       10
 256  218   85   64   16.37   13.94    93       1       10
 256  230   89   64   20.86   18.74    73       1       10
