   N    K    R   GF   Coded    Info   Lat Threads Duration
 256   51   19   64    6.86    1.37   223       1       60
 256   64   25   64    6.91    1.73   222       1       60
 256   77   30   64    6.93    2.09   221       1       60
 256   90   35   64    6.95    2.44   220       1       60
 256  102   39   64    6.82    2.72   225       1       60
 256  115   44   64    6.83    3.07   224       1       60
 256  128   50   64    6.94    3.47   221       1       60
 256  141   55   64    6.77    3.73   226       1       60
 256  154   60   64    6.81    4.10   225       1       60
 256  169   66   64    6.86    4.53   223       1       60
 256  179   69   64    6.87    4.80   223       1       60
 256  192   75   64    6.81    5.11   225       1       60
 256  205   80   64    6.74    5.39   228       1       60
 256  218   85   64    6.71    5.72   228       1       60
 256  230   89   64    6.77    6.08   226       1       60
