   N    K    R   GF   Coded    Info   Lat Threads Duration
 256   51   19   16  104.07   20.73     9       1       60
 256   64   25   16  115.41   28.85     8       1       60
 256   77   30   16  100.48   30.22    10       1       60
 256   90   35   16   98.49   34.63    10       1       60
 256  102   39   16   95.46   38.03    10       1       60
 256  115   44   16   95.13   42.73    10       1       60
 256  128   50   16   67.45   33.73    15       1       60
 256  141   55   16   65.73   36.20    15       1       60
 256  154   60   16   64.87   39.02    15       1       60
 256  169   66   16   63.49   41.91    16       1       60
 256  179   69   16   54.49   38.10    18       1       60
 256  192   75   16   55.57   41.67    18       1       60
 256  205   80   16   51.58   41.31    19       1       60
 256  218   85   16   49.17   41.87    20       1       60
 256  230   89   16   63.18   56.77    16       1       60
