   N    K    R   GF   Coded    Info   Lat Threads Duration
 256   51   19  128   37.91    7.55    47       1       60
 256   64   25  128   28.39    7.10    63       1       60
 256   77   30  128   27.46    8.26    65       1       60
 256   90   35  128   25.97    9.13    68       1       60
 256  102   39  128   26.89   10.71    66       1       60
 256  115   44  128   24.59   11.05    72       1       60
 256  128   50  128   12.90    6.45   138       1       60
 256  141   55  128   11.60    6.39   154       1       60
 256  154   60  128   11.45    6.89   156       1       60
 256  169   66  128   11.15    7.36   160       1       60
 256  179   69  128   10.13    7.08   176       1       60
 256  192   75  128    9.94    7.46   180       1       60
 256  205   80  128    9.02    7.22   198       1       60
 256  218   85  128    8.58    7.31   208       1       60
 256  230   89  128   11.34   10.19   157       1       60
