   N    K    R   GF   Coded    Info   Lat Threads Duration
 256   51   19   64   29.65    5.91    51       1       10
 256   64   25   64   33.21    8.30    46       1       10
 256   77   30   64   29.51    8.88    52       1       10
 256   90   35   64   28.94   10.17    53       1       10
 256  102   39   64   27.66   11.02    55       1       10
 256  115   44   64   29.36   13.19    52       1       10
 256  128   50   64   20.22   10.11    75       1       10
 256  141   55   64   22.42   12.35    68       1       10
 256  154   60   64   20.08   12.08    76       1       10
 256  169   66   64   20.37   13.45    75       1       10
 256  179   69   64   18.55   12.97    82       1       10
 256  192   75   64   18.31   13.73    83       1       10
 256  205   80   64   16.59   13.29    92       1       10
 256  218   85   64   16.99   14.47    90       1       10
 256  230   89   64   20.97   18.84    73       1       10
