   N    K    R   GF   Coded    Info   Lat Threads Duration
  64   13   20  256    2.04    0.41   250       1       60
  64   16   25  256    2.05    0.51   249       1       60
  64   19   29  256    2.03    0.60   252       1       60
  64   22   34  256    1.98    0.68   258       1       60
  64   26   40  256    2.04    0.83   250       1       60
  64   29   45  256    2.03    0.92   252       1       60
  64   32   50  256    2.03    1.02   251       1       60
  64   35   54  256    2.03    1.11   252       1       60
  64   38   59  256    2.02    1.20   253       1       60
  64   42   65  256    2.00    1.31   256       1       60
  64   45   70  256    2.00    1.41   255       1       60
  64   48   75  256    2.01    1.51   254       1       60
  64   51   79  256    2.01    1.60   254       1       60
  64   54   84  256    2.01    1.69   255       1       60
  64   58   90  256    1.98    1.80   257       1       60
