   N    K    R   GF   Coded    Info   Lat Threads Duration
  64   13   20  256    2.74    0.56   186       1       60
  64   16   25  256    2.73    0.68   187       1       60
  64   19   29  256    2.73    0.81   187       1       60
  64   22   34  256    2.69    0.92   190       1       60
  64   26   40  256    2.69    1.09   190       1       60
  64   29   45  256    2.69    1.22   190       1       60
  64   32   50  256    2.70    1.35   189       1       60
  64   35   54  256    2.65    1.45   193       1       60
  64   38   59  256    2.63    1.56   194       1       60
  64   42   65  256    2.62    1.72   195       1       60
  64   45   70  256    2.61    1.83   196       1       60
  64   48   75  256    2.62    1.96   195       1       60
  64   51   79  256    2.59    2.07   197       1       60
  64   54   84  256    2.58    2.18   198       1       60
  64   58   90  256    2.58    2.34   198       1       60
