   N    K    R   GF   Coded    Info   Lat Threads Duration
  64   13   20  256    2.38    0.48   215       1       60
  64   16   25  256    2.35    0.59   217       1       60
  64   19   29  256    2.36    0.70   216       1       60
  64   22   34  256    2.29    0.79   223       1       60
  64   26   40  256    2.34    0.95   218       1       60
  64   29   45  256    2.32    1.05   220       1       60
  64   32   50  256    2.31    1.16   221       1       60
  64   35   54  256    2.28    1.25   224       1       60
  64   38   59  256    2.28    1.35   224       1       60
  64   42   65  256    2.27    1.49   225       1       60
  64   45   70  256    2.26    1.59   226       1       60
  64   48   75  256    2.26    1.69   226       1       60
  64   51   79  256    2.21    1.76   231       1       60
  64   54   84  256    2.24    1.89   228       1       60
  64   58   90  256    2.23    2.02   229       1       60
