   N    K    R   GF   Coded    Info   Lat Threads Duration
  64   13   20  256    6.17    1.25    82       1       60
  64   16   25  256    5.73    1.43    89       1       60
  64   19   29  256    4.75    1.41   107       1       60
  64   22   34  256    4.72    1.62   108       1       60
  64   26   40  256    5.35    2.17    95       1       60
  64   29   45  256    5.30    2.40    96       1       60
  64   32   50  256    5.38    2.69    95       1       60
  64   35   54  256    4.98    2.72   102       1       60
  64   38   59  256    5.22    3.10    98       1       60
  64   42   65  256    4.68    3.07   109       1       60
  64   45   70  256    4.67    3.28   109       1       60
  64   48   75  256    6.36    4.77    80       1       60
  64   51   79  256    6.09    4.85    84       1       60
  64   54   84  256    6.91    5.83    74       1       60
  64   58   90  256    7.85    7.12    65       1       60
