   N    K    R   GF   Coded    Info   Lat Threads Duration
  64   13   20  256    5.58    1.13    91       1       60
  64   16   25  256    5.32    1.33    96       1       60
  64   19   29  256    5.18    1.54    98       1       60
  64   22   34  256    5.25    1.81    97       1       60
  64   26   40  256    5.69    2.31    90       1       60
  64   29   45  256    5.44    2.47    94       1       60
  64   32   50  256    5.46    2.73    93       1       60
  64   35   54  256    4.78    2.61   107       1       60
  64   38   59  256    5.09    3.02   100       1       60
  64   42   65  256    5.06    3.32   101       1       60
  64   45   70  256    4.62    3.25   110       1       60
  64   48   75  256    6.18    4.64    82       1       60
  64   51   79  256    6.09    4.85    84       1       60
  64   54   84  256    6.83    5.76    75       1       60
  64   58   90  256    7.82    7.09    65       1       60
