   N    K    R   GF   Coded    Info   Lat Threads Duration
  64   13   20   64   23.59    4.79    16       1       30
  64   16   25   64   22.04    5.51    17       1       30
  64   19   29   64   20.65    6.13    18       1       30
  64   22   34   64   20.85    7.17    18       1       30
  64   26   40   64   23.04    9.36    16       1       30
  64   32   50   64   21.65   10.82    17       1       30
  64   38   59   64   19.84   11.78    19       1       30
  64   42   65   64   19.69   12.92    19       1       30
  64   45   70   64   18.04   12.69    21       1       30
  64   48   75   64   24.57   18.43    15       1       30
  64   52   81   64   22.86   18.57    16       1       30
  64   58   90   64   29.08   26.35    13       1       30
