   N    K    R   GF   Coded    Info   Lat Threads Duration
 256   51   19   64    8.15    1.62   188       1       30
 256   64   25   64    8.01    2.00   191       1       30
 256   77   30   64    8.16    2.45   188       1       30
 256   90   35   64    7.99    2.81   192       1       30
 256  102   39   64    7.99    3.18   192       1       30
 256  128   50   64    7.65    3.83   200       1       30
 256  154   60   64    7.95    4.78   193       1       30
 256  169   66   64    7.99    5.27   192       1       30
 256  179   69   64    8.05    5.63   190       1       30
 256  192   75   64    7.97    5.98   192       1       30
 256  210   82   64    7.77    6.38   197       1       30
 256  230   89   64    8.02    7.20   191       1       30
