   N    K    R   GF   Coded    Info   Lat Threads Duration
 256   51   19   64    6.86    1.37   223       1       30
 256   64   25   64    6.77    1.69   226       1       30
 256   77   30   64    6.72    2.02   228       1       30
 256   90   35   64    6.79    2.39   226       1       30
 256  102   39   64    6.74    2.68   228       1       30
 256  128   50   64    6.98    3.49   220       1       30
 256  154   60   64    6.77    4.07   227       1       30
 256  169   66   64    6.65    4.39   231       1       30
 256  179   69   64    6.72    4.70   228       1       30
 256  192   75   64    6.50    4.87   236       1       30
 256  210   82   64    6.72    5.52   228       1       30
 256  230   89   64    6.79    6.10   226       1       30
