   N    K    R   GF   Coded    Info   Lat Threads Duration
 256   51   19   64    5.21    1.04   294       1       30
 256   64   25   64    5.23    1.31   293       1       30
 256   77   30   64    5.13    1.54   299       1       30
 256   90   35   64    4.99    1.75   307       1       30
 256  102   39   64    5.18    2.06   296       1       30
 256  128   50   64    5.22    2.61   294       1       30
 256  154   60   64    5.15    3.10   298       1       30
 256  169   66   64    4.96    3.28   309       1       30
 256  179   69   64    5.19    3.63   296       1       30
 256  192   75   64    5.05    3.78   304       1       30
 256  210   82   64    5.30    4.35   289       1       30
 256  230   89   64    5.27    4.74   291       1       30
