   N    K    R   GF   Coded    Info   Lat Threads Duration
 128   26   20  256   19.26    3.91    53       4       60
 128   32   25  256   20.14    5.03    50       4       60
 128   38   29  256   19.67    5.84    52       4       60
 128   45   35  256   17.27    6.07    59       4       60
 128   51   39  256   17.24    6.87    59       4       60
 128   58   45  256   19.77    8.96    51       4       60
 128   64   50  256   17.46    8.73    58       4       60
 128   70   54  256   18.18    9.94    56       4       60
 128   77   60  256   18.47   11.11    55       4       60
 128   84   65  256   17.45   11.45    58       4       60
 128   90   70  256   17.23   12.11    59       4       60
 128   96   75  256   16.61   12.46    61       4       60
 128  102   79  256   16.61   13.23    61       4       60
 128  109   85  256   22.32   19.01    45       4       60
 128  115   89  256   22.64   20.34    45       4       60
