   N    K    R   GF   Coded    Info   Lat Threads Duration
 128   26   20  256    9.48    1.93   107       4       60
 128   32   25  256    9.46    2.37   108       4       60
 128   38   29  256    9.36    2.78   109       4       60
 128   45   35  256    9.35    3.29   109       4       60
 128   51   39  256    9.32    3.71   109       4       60
 128   58   45  256    9.27    4.20   110       4       60
 128   64   50  256    9.18    4.59   111       4       60
 128   70   54  256    9.21    5.04   111       4       60
 128   77   60  256    9.14    5.50   112       4       60
 128   84   65  256    9.09    5.96   112       4       60
 128   90   70  256    9.06    6.37   112       4       60
 128   96   75  256    9.05    6.79   113       4       60
 128  102   79  256    9.05    7.21   113       4       60
 128  109   85  256    9.04    7.69   113       4       60
 128  115   89  256    8.96    8.05   114       4       60
