   N    K    R   GF   Coded    Info   Lat Threads Duration
 128   26   20  128   19.92    4.05    44       4       60
 128   32   25  128   19.83    4.96    45       4       60
 128   38   29  128   19.78    5.87    45       4       60
 128   45   35  128   19.64    6.91    45       4       60
 128   51   39  128   19.61    7.81    45       4       60
 128   58   45  128   19.48    8.83    45       4       60
 128   64   50  128   19.53    9.76    45       4       60
 128   70   54  128   19.33   10.57    46       4       60
 128   77   60  128   19.26   11.59    46       4       60
 128   84   65  128   19.22   12.61    46       4       60
 128   90   70  128   19.09   13.43    46       4       60
 128   96   75  128   19.19   14.39    46       4       60
 128  102   79  128   19.06   15.19    47       4       60
 128  109   85  128   19.00   16.18    47       4       60
 128  115   89  128   19.00   17.07    47       4       60
