   N    K    R   GF   Coded    Info   Lat Threads Duration
 128   26   20  256   17.28    3.51    59       4       60
 128   32   25  256   18.07    4.52    56       4       60
 128   38   29  256   18.11    5.38    56       4       60
 128   45   35  256   17.15    6.03    59       4       60
 128   51   39  256   17.23    6.87    59       4       60
 128   58   45  256   19.90    9.02    51       4       60
 128   64   50  256   17.79    8.90    57       4       60
 128   70   54  256   18.90   10.33    54       4       60
 128   77   60  256   17.62   10.60    58       4       60
 128   84   65  256   18.01   11.82    56       4       60
 128   90   70  256   17.80   12.51    57       4       60
 128   96   75  256   16.99   12.75    60       4       60
 128  102   79  256   16.97   13.52    60       4       60
 128  109   85  256   22.78   19.40    44       4       60
 128  115   89  256   22.86   20.54    44       4       60
