   N    K    R   GF   Coded    Info   Lat Threads Duration
 128   26   20  128   39.85    8.09    22       4       60
 128   32   25  128   41.63   10.41    21       4       60
 128   38   29  128   40.32   11.97    22       4       60
 128   45   35  128   35.86   12.61    24       4       60
 128   51   39  128   35.80   14.26    25       4       60
 128   58   45  128   41.07   18.61    21       4       60
 128   64   50  128   36.41   18.21    24       4       60
 128   70   54  128   37.46   20.49    23       4       60
 128   77   60  128   38.31   23.04    23       4       60
 128   84   65  128   35.80   23.50    25       4       60
 128   90   70  128   35.85   25.21    24       4       60
 128   96   75  128   34.09   25.57    26       4       60
 128  102   79  128   34.35   27.37    26       4       60
 128  109   85  128   46.42   39.53    19       4       60
 128  115   89  128   46.68   41.94    19       4       60
