   N    K    R   GF   Coded    Info   Lat Threads Duration
 128   26   20  128   36.32    7.38    24       4       60
 128   32   25  128   37.72    9.43    23       4       60
 128   38   29  128   37.92   11.26    23       4       60
 128   45   35  128   35.87   12.61    24       4       60
 128   51   39  128   35.96   14.33    24       4       60
 128   58   45  128   41.38   18.75    21       4       60
 128   64   50  128   37.33   18.66    24       4       60
 128   70   54  128   39.70   21.71    22       4       60
 128   77   60  128   36.98   22.25    24       4       60
 128   84   65  128   37.53   24.63    23       4       60
 128   90   70  128   37.10   26.09    24       4       60
 128   96   75  128   35.67   26.75    25       4       60
 128  102   79  128   35.30   28.13    25       4       60
 128  109   85  128   47.21   40.20    18       4       60
 128  115   89  128   47.19   42.39    18       4       60
