   N    K    R   GF   Coded    Info   Lat Threads Duration
 256   51   19  128  151.44   30.17    11       4       60
 256   64   25  128  115.76   28.94    15       4       60
 256   77   30  128  111.41   33.51    16       4       60
 256   90   35  128  104.64   36.79    17       4       60
 256  102   39  128  110.17   43.90    16       4       60
 256  115   44  128  101.30   45.51    17       4       60
 256  128   50  128   51.43   25.72    34       4       60
 256  141   55  128   47.68   26.26    37       4       60
 256  154   60  128   46.16   27.77    38       4       60
 256  169   66  128   45.26   29.88    39       4       60
 256  179   69  128   40.41   28.26    44       4       60
 256  192   75  128   40.44   30.33    44       4       60
 256  205   80  128   36.75   29.43    48       4       60
 256  218   85  128   34.98   29.79    51       4       60
 256  230   89  128   46.12   41.43    38       4       60
