   N    K    R   GF   Coded    Info   Lat Threads Duration
 256   51   19   16  867.44  172.81     1       4       60
 256   64   25   16  713.29  178.32     1       4       60
 256   77   30   16  610.38  183.59     1       4       60
 256   90   35   16  550.58  193.56     1       4       60
 256  102   39   16  591.61  235.72     1       4       60
 256  115   44   16  499.13  224.22     2       4       60
 256  128   50   16  252.08  126.04     4       4       60
 256  141   55   16  235.36  129.63     4       4       60
 256  154   60   16  224.36  134.97     4       4       60
 256  169   66   16  223.20  147.35     4       4       60
 256  179   69   16  196.01  137.05     5       4       60
 256  192   75   16  196.23  147.17     5       4       60
 256  205   80   16  182.74  146.33     5       4       60
 256  218   85   16  175.20  149.20     5       4       60
 256  230   89   16  215.10  193.25     4       4       60
