   N    K    R   GF   Coded    Info   Lat Threads Duration
 256   51   19   16  422.85   84.24     2       4       60
 256   64   25   16  464.59  116.15     2       4       60
 256   77   30   16  402.73  121.13     2       4       60
 256   90   35   16  402.76  141.60     2       4       60
 256  102   39   16  402.39  160.33     2       4       60
 256  115   44   16  387.98  174.29     2       4       60
 256  128   50   16  269.19  134.60     3       4       60
 256  141   55   16  261.11  143.81     3       4       60
 256  154   60   16  259.33  156.00     3       4       60
 256  169   66   16  255.71  168.81     4       4       60
 256  179   69   16  220.04  153.85     4       4       60
 256  192   75   16  222.80  167.10     4       4       60
 256  205   80   16  203.64  163.07     5       4       60
 256  218   85   16  195.97  166.88     5       4       60
 256  230   89   16  254.46  228.61     4       4       60
