   N    K    R   GF   Coded    Info   Lat Threads Duration
 256   51   19   16   97.62   19.45    10       4       60
 256   64   25   16   97.00   24.25    10       4       60
 256   77   30   16   96.03   28.88    10       4       60
 256   90   35   16   95.94   33.73    10       4       60
 256  102   39   16   94.84   37.79    10       4       60
 256  115   44   16   94.28   42.35    10       4       60
 256  128   50   16   93.69   46.85    10       4       60
 256  141   55   16   92.53   50.96    11       4       60
 256  154   60   16   92.83   55.84    11       4       60
 256  169   66   16   92.04   60.76    11       4       60
 256  179   69   16   91.40   63.91    11       4       60
 256  192   75   16   90.78   68.09    11       4       60
 256  205   80   16   90.56   72.52    11       4       60
 256  218   85   16   89.62   76.32    11       4       60
 256  230   89   16   89.02   79.98    11       4       60
