   N    K    R   GF   Coded    Info   Lat Threads Duration
 256   51   19   64  129.64   25.83    11       4       10
 256   64   25   64  143.37   35.84    10       4       10
 256   77   30   64  119.77   36.02    12       4       10
 256   90   35   64  129.42   45.50    11       4       10
 256  102   39   64  128.76   51.30    11       4       10
 256  115   44   64  125.49   56.37    12       4       10
 256  128   50   64   86.76   43.38    17       4       10
 256  141   55   64   84.65   46.62    18       4       10
 256  154   60   64   89.23   53.68    17       4       10
 256  169   66   64   85.92   56.72    17       4       10
 256  179   69   64   74.36   51.99    20       4       10
 256  192   75   64   79.49   59.62    19       4       10
 256  205   80   64   70.19   56.20    21       4       10
 256  218   85   64   69.56   59.23    22       4       10
 256  230   89   64   93.11   83.65    16       4       10
