   N    K    R   GF   Coded    Info   Lat Threads Duration
 256   51   19   64  287.09   57.19     5       4       10
 256   64   25   64  238.01   59.50     6       4       10
 256   77   30   64  223.68   67.28     6       4       10
 256   90   35   64  199.33   70.08     7       4       10
 256  102   39   64  200.33   79.82     7       4       10
 256  115   44   64  187.49   84.23     8       4       10
 256  128   50   64   81.10   40.55    18       4       10
 256  141   55   64   87.09   47.97    17       4       10
 256  154   60   64   90.12   54.22    17       4       10
 256  169   66   64   82.20   54.26    18       4       10
 256  179   69   64   79.63   55.68    19       4       10
 256  192   75   64   78.90   59.18    19       4       10
 256  205   80   64   68.12   54.55    22       4       10
 256  218   85   64   69.57   59.24    22       4       10
 256  230   89   64   86.25   77.49    17       4       10
