   N    K    R   GF   Coded    Info   Lat Threads Duration
 256   51   19  128   64.43   12.84    27       4       60
 256   64   25  128   72.98   18.25    24       4       60
 256   77   30  128   63.76   19.18    28       4       60
 256   90   35  128   64.18   22.56    27       4       60
 256  102   39  128   65.04   25.91    27       4       60
 256  115   44  128   63.65   28.59    28       4       60
 256  128   50  128   44.82   22.41    39       4       60
 256  141   55  128   44.16   24.32    40       4       60
 256  154   60  128   44.56   26.81    40       4       60
 256  169   66  128   44.52   29.39    40       4       60
 256  179   69  128   38.51   26.93    46       4       60
 256  192   75  128   39.67   29.76    45       4       60
 256  205   80  128   36.44   29.18    49       4       60
 256  218   85  128   35.42   30.16    50       4       60
 256  230   89  128   47.00   42.22    38       4       60
