   N    K    R   GF   Coded    Info   Lat Threads Duration
 256   51   19  128   17.18    3.42   104       4       60
 256   64   25  128   17.17    4.29   104       4       60
 256   77   30  128   17.16    5.16   104       4       60
 256   90   35  128   17.16    6.03   104       4       60
 256  102   39  128   17.11    6.82   104       4       60
 256  115   44  128   17.05    7.66   105       4       60
 256  128   50  128   16.99    8.49   105       4       60
 256  141   55  128   16.95    9.33   105       4       60
 256  154   60  128   16.94   10.19   105       4       60
 256  169   66  128   16.86   11.13   106       4       60
 256  179   69  128   16.83   11.77   106       4       60
 256  192   75  128   16.74   12.55   107       4       60
 256  205   80  128   16.69   13.37   107       4       60
 256  218   85  128   16.67   14.20   107       4       60
 256  230   89  128   16.50   14.83   108       4       60
