   N    K    R   GF   Coded    Info   Lat Threads Duration
 256   51   19   64   32.46    6.47    47       4       10
 256   64   25   64   33.72    8.43    45       4       10
 256   77   30   64   34.72   10.44    44       4       10
 256   90   35   64   33.85   11.90    45       4       10
 256  102   39   64   31.87   12.70    48       4       10
 256  115   44   64   33.20   14.91    46       4       10
 256  128   50   64   34.90   17.45    44       4       10
 256  141   55   64   33.34   18.36    46       4       10
 256  154   60   64   33.82   20.34    45       4       10
 256  169   66   64   33.27   21.96    46       4       10
 256  179   69   64   33.00   23.07    46       4       10
 256  192   75   64   31.68   23.76    48       4       10
 256  205   80   64   34.20   27.39    44       4       10
 256  218   85   64   32.93   28.04    46       4       10
 256  230   89   64   31.34   28.16    49       4       10
