   N    K    R   GF   Coded    Info   Lat Threads Duration
  64   13   20  256   11.01    2.24    46       4       60
  64   16   25  256   10.90    2.73    46       4       60
  64   19   29  256   10.96    3.25    46       4       60
  64   22   34  256   10.88    3.74    47       4       60
  64   26   40  256   10.84    4.40    47       4       60
  64   29   45  256   10.86    4.92    47       4       60
  64   32   50  256   10.78    5.39    47       4       60
  64   35   54  256   10.74    5.88    47       4       60
  64   38   59  256   10.73    6.37    47       4       60
  64   42   65  256   10.62    6.97    48       4       60
  64   45   70  256   10.57    7.43    48       4       60
  64   48   75  256   10.57    7.93    48       4       60
  64   51   79  256   10.51    8.37    48       4       60
  64   54   84  256   10.52    8.88    48       4       60
  64   58   90  256   10.42    9.45    49       4       60
