   N    K    R   GF   Coded    Info   Lat Threads Duration
  64   13   20  256   24.95    5.07    20       4       60
  64   16   25  256   22.98    5.74    22       4       60
  64   19   29  256   18.91    5.61    27       4       60
  64   22   34  256   19.26    6.62    26       4       60
  64   26   40  256   21.50    8.74    23       4       60
  64   29   45  256   21.50    9.74    23       4       60
  64   32   50  256   21.74   10.87    23       4       60
  64   35   54  256   20.27   11.08    25       4       60
  64   38   59  256   20.90   12.41    24       4       60
  64   42   65  256   19.51   12.81    26       4       60
  64   45   70  256   19.11   13.44    26       4       60
  64   48   75  256   25.77   19.33    19       4       60
  64   51   79  256   24.70   19.68    20       4       60
  64   54   84  256   28.34   23.91    18       4       60
  64   58   90  256   31.71   28.73    16       4       60
