   N    K    R   GF   Coded    Info   Lat Threads Duration
  64   13   20  256   22.51    4.57    22       4       60
  64   16   25  256   21.49    5.37    23       4       60
  64   19   29  256   20.86    6.19    24       4       60
  64   22   34  256   20.98    7.21    24       4       60
  64   26   40  256   22.93    9.32    22       4       60
  64   29   45  256   21.72    9.84    23       4       60
  64   32   50  256   21.96   10.98    23       4       60
  64   35   54  256   19.38   10.60    26       4       60
  64   38   59  256   20.57   12.21    24       4       60
  64   42   65  256   20.35   13.35    25       4       60
  64   45   70  256   18.45   12.97    27       4       60
  64   48   75  256   25.08   18.81    20       4       60
  64   51   79  256   24.45   19.48    20       4       60
  64   54   84  256   28.01   23.63    18       4       60
  64   58   90  256   31.67   28.70    16       4       60
