   N    K    R   GF   Coded    Info   Lat Threads Duration
  64   13   20   64   11.21    2.28    34       1       30
  64   16   25   64   11.08    2.77    34       1       30
  64   19   29   64   11.17    3.32    34       1       30
  64   22   34   64   11.06    3.80    34       1       30
  64   26   40   64   11.21    4.56    34       1       30
  64   32   50   64   10.82    5.41    35       1       30
  64   38   59   64   10.54    6.26    36       1       30
  64   42   65   64   10.70    7.02    35       1       30
  64   45   70   64   10.51    7.39    36       1       30
  64   48   75   64   10.48    7.86    36       1       30
  64   52   81   64   10.46    8.50    36       1       30
  64   58   90   64   10.42    9.44    36       1       30
