   N    K    R   GF   Coded    Info   Lat Threads Duration
 128   26   20  256  120.67   24.51     8      12       60
 128   32   25  256  120.38   30.09     8      12       60
 128   38   29  256  119.95   35.61     8      12       60
 128   45   35  256  119.30   41.94     8      12       60
 128   51   39  256  119.23   47.50     8      12       60
 128   58   45  256  118.70   53.79     8      12       60
 128   64   50  256  118.15   59.07     8      12       60
 128   70   54  256  117.62   64.32     8      12       60
 128   77   60  256  116.99   70.37     8      12       60
 128   84   65  256  117.20   76.91     8      12       60
 128   90   70  256  116.35   81.81     8      12       60
 128   96   75  256  116.46   87.35     8      12       60
 128  102   79  256  115.87   92.33     8      12       60
 128  109   85  256  115.37   98.24     8      12       60
 128  115   89  256  115.34  103.63     8      12       60
