   N    K    R   GF   Coded    Info   Lat Threads Duration
 128   26   20  128  396.62   80.56     2      12       60
 128   32   25  128  411.74  102.93     2      12       60
 128   38   29  128  413.87  122.87     2      12       60
 128   45   35  128  394.06  138.54     2      12       60
 128   51   39  128  397.75  158.48     2      12       60
 128   58   45  128  458.09  207.57     1      12       60
 128   64   50  128  413.07  206.54     2      12       60
 128   70   54  128  437.24  239.12     2      12       60
 128   77   60  128  415.55  249.98     2      12       60
 128   84   65  128  424.20  278.38     2      12       60
 128   90   70  128  425.64  299.28     2      12       60
 128   96   75  128  404.81  303.61     2      12       60
 128  102   79  128  405.66  323.26     2      12       60
 128  109   85  128  541.05  460.73     1      12       60
 128  115   89  128  550.47  494.56     1      12       60
