   N    K    R   GF   Coded    Info   Lat Threads Duration
 128   26   20  128  224.57   45.62     3      12       60
 128   32   25  128  218.80   54.70     4      12       60
 128   38   29  128  224.96   66.79     3      12       60
 128   45   35  128  223.54   78.59     4      12       60
 128   51   39  128  222.33   88.59     4      12       60
 128   58   45  128  213.87   96.91     4      12       60
 128   64   50  128  217.89  108.94     4      12       60
 128   70   54  128  214.49  117.30     4      12       60
 128   77   60  128  213.97  128.71     4      12       60
 128   84   65  128  213.20  139.91     4      12       60
 128   90   70  128  212.03  149.09     4      12       60
 128   96   75  128  209.68  157.26     4      12       60
 128  102   79  128  215.68  171.87     4      12       60
 128  109   85  128  214.97  183.06     4      12       60
 128  115   89  128  213.89  192.16     4      12       60
