   N    K    R   GF   Coded    Info   Lat Threads Duration
 128   26   20  256  248.46   50.47     4      12       60
 128   32   25  256  256.90   64.22     3      12       60
 128   38   29  256  252.75   75.04     4      12       60
 128   45   35  256  222.64   78.27     4      12       60
 128   51   39  256  222.76   88.76     4      12       60
 128   58   45  256  252.78  114.54     4      12       60
 128   64   50  256  228.26  114.13     4      12       60
 128   70   54  256  235.96  129.04     4      12       60
 128   77   60  256  238.57  143.51     4      12       60
 128   84   65  256  227.02  148.98     4      12       60
 128   90   70  256  225.73  158.71     4      12       60
 128   96   75  256  216.47  162.35     4      12       60
 128  102   79  256  216.20  172.28     4      12       60
 128  109   85  256  289.28  246.34     3      12       60
 128  115   89  256  291.72  262.09     3      12       60
