   N    K    R   GF   Coded    Info   Lat Threads Duration
 128   26   20  128  462.72   93.99     1      12       60
 128   32   25  128  473.96  118.49     1      12       60
 128   38   29  128  469.39  139.35     1      12       60
 128   45   35  128  411.72  144.74     2      12       60
 128   51   39  128  411.16  163.82     2      12       60
 128   58   45  128  467.86  212.00     1      12       60
 128   64   50  128  434.42  217.21     2      12       60
 128   70   54  128  444.57  243.12     2      12       60
 128   77   60  128  458.17  275.62     1      12       60
 128   84   65  128  430.39  282.45     2      12       60
 128   90   70  128  434.44  305.47     2      12       60
 128   96   75  128  415.20  311.40     2      12       60
 128  102   79  128  415.89  331.41     2      12       60
 128  109   85  128  550.78  469.03     1      12       60
 128  115   89  128  559.81  502.96     1      12       60
