   N    K    R   GF   Coded    Info   Lat Threads Duration
 128   26   20  256  209.15   42.48     4      12       60
 128   32   25  256  218.42   54.61     4      12       60
 128   38   29  256  220.40   65.43     4      12       60
 128   45   35  256  210.38   73.96     4      12       60
 128   51   39  256  212.82   84.80     4      12       60
 128   58   45  256  244.34  110.72     4      12       60
 128   64   50  256  220.61  110.30     4      12       60
 128   70   54  256  234.16  128.06     4      12       60
 128   77   60  256  219.61  132.11     4      12       60
 128   84   65  256  224.34  147.23     4      12       60
 128   90   70  256  224.76  158.03     4      12       60
 128   96   75  256  215.21  161.41     4      12       60
 128  102   79  256  215.53  171.75     4      12       60
 128  109   85  256  289.77  246.75     3      12       60
 128  115   89  256  291.74  262.11     3      12       60
