   N    K    R   GF   Coded    Info   Lat Threads Duration
 256   51   19  128  673.55  134.18     2      12       60
 256   64   25  128  763.75  190.94     2      12       60
 256   77   30  128  677.53  203.79     2      12       60
 256   90   35  128  686.32  241.29     2      12       60
 256  102   39  128  698.69  278.38     2      12       60
 256  115   44  128  688.68  309.37     2      12       60
 256  128   50  128  495.92  247.96     3      12       60
 256  141   55  128  488.49  269.05     3      12       60
 256  154   60  128  493.21  296.69     3      12       60
 256  169   66  128  495.73  327.26     3      12       60
 256  179   69  128  431.79  301.92     4      12       60
 256  192   75  128  446.87  335.16     4      12       60
 256  205   80  128  412.56  330.37     4      12       60
 256  218   85  128  403.75  343.82     4      12       60
 256  230   89  128  532.79  478.68     3      12       60
