   N    K    R   GF   Coded    Info   Lat Threads Duration
 256   51   19  128  193.95   38.64     9      12       60
 256   64   25  128  193.46   48.36     9      12       60
 256   77   30  128  192.22   57.81     9      12       60
 256   90   35  128  191.21   67.22     9      12       60
 256  102   39  128  190.43   75.87     9      12       60
 256  115   44  128  189.47   85.11     9      12       60
 256  128   50  128  188.39   94.20     9      12       60
 256  141   55  128  187.50  103.27     9      12       60
 256  154   60  128  186.54  112.21     9      12       60
 256  169   66  128  185.60  122.52     9      12       60
 256  179   69  128  184.90  129.29     9      12       60
 256  192   75  128  184.09  138.07     9      12       60
 256  205   80  128  183.12  146.64     9      12       60
 256  218   85  128  182.71  155.59     9      12       60
 256  230   89  128  182.20  163.69     9      12       60
