   N    K    R   GF   Coded    Info   Lat Threads Duration
 256   51   19   64  351.27   69.98     4      12       60
 256   64   25   64  340.23   85.06     4      12       60
 256   77   30   64  346.66  104.27     4      12       60
 256   90   35   64  334.70  117.67     4      12       60
 256  102   39   64  344.63  137.31     4      12       60
 256  115   44   64  329.57  148.05     4      12       60
 256  128   50   64  341.03  170.52     4      12       60
 256  141   55   64  340.04  187.29     4      12       60
 256  154   60   64  336.92  202.68     4      12       60
 256  169   66   64  332.17  219.28     4      12       60
 256  179   69   64  318.89  222.97     4      12       60
 256  192   75   64  329.73  247.30     4      12       60
 256  205   80   64  329.68  264.00     4      12       60
 256  218   85   64  328.35  279.61     4      12       60
 256  230   89   64  310.87  279.29     4      12       60
