   N    K    R   GF   Coded    Info   Lat Threads Duration
 256   51   19   16  574.72  114.50     1      12       60
 256   64   25   16  538.56  134.64     1      12       60
 256   77   30   16  571.08  171.77     1      12       60
 256   90   35   16  525.24  184.66     1      12       60
 256  102   39   16  570.39  227.26     1      12       60
 256  115   44   16  508.13  228.26     2      12       60
 256  128   50   16  563.14  281.57     1      12       60
 256  141   55   16  563.18  310.19     1      12       60
 256  154   60   16  562.36  338.29     1      12       60
 256  169   66   16  541.03  357.16     1      12       60
 256  179   69   16  485.01  339.13     2      12       60
 256  192   75   16  541.61  406.21     1      12       60
 256  205   80   16  542.30  434.26     1      12       60
 256  218   85   16  540.38  460.17     1      12       60
 256  230   89   16  476.35  427.97     2      12       60
