   N    K    R   GF   Coded    Info   Lat Threads Duration
  64   13   20  256  304.24   61.80     1      12       60
  64   16   25  256  284.29   71.07     1      12       60
  64   19   29  256  235.31   69.86     2      12       60
  64   22   34  256  239.44   82.31     2      12       60
  64   26   40  256  266.28  108.18     1      12       60
  64   29   45  256  267.30  121.12     1      12       60
  64   32   50  256  274.13  137.06     1      12       60
  64   35   54  256  255.64  139.80     2      12       60
  64   38   59  256  264.11  156.81     1      12       60
  64   42   65  256  248.78  163.26     2      12       60
  64   45   70  256  244.70  172.06     2      12       60
  64   48   75  256  330.64  247.98     1      12       60
  64   51   79  256  322.82  257.24     1      12       60
  64   54   84  256  366.25  309.02     1      12       60
  64   58   90  256  416.33  377.30     1      12       60
