   N    K    R   GF   Coded    Info   Lat Threads Duration
  64   13   20  256  308.68   62.70     1      12       60
  64   16   25  256  291.42   72.85     1      12       60
  64   19   29  256  281.92   83.69     1      12       60
  64   22   34  256  278.87   95.86     1      12       60
  64   26   40  256  300.92  122.25     1      12       60
  64   29   45  256  282.72  128.11     1      12       60
  64   32   50  256  283.19  141.60     1      12       60
  64   35   54  256  256.92  140.50     1      12       60
  64   38   59  256  273.37  162.31     1      12       60
  64   42   65  256  268.89  176.46     1      12       60
  64   45   70  256  247.48  174.01     2      12       60
  64   48   75  256  330.50  247.88     1      12       60
  64   51   79  256  322.41  256.92     1      12       60
  64   54   84  256  367.18  309.81     1      12       60
  64   58   90  256  416.09  377.08     1      12       60
