   N    K    R   GF   Coded    Info   Lat Threads Duration
  64   13   20  256  146.33   29.72     3      12       60
  64   16   25  256  146.19   36.55     3      12       60
  64   19   29  256  145.24   43.12     3      12       60
  64   22   34  256  140.87   48.42     3      12       60
  64   26   40  256  139.68   56.75     3      12       60
  64   29   45  256  141.39   64.07     3      12       60
  64   32   50  256  141.02   70.51     3      12       60
  64   35   54  256  140.83   77.02     3      12       60
  64   38   59  256  140.21   83.25     3      12       60
  64   42   65  256  139.26   91.39     3      12       60
  64   45   70  256  137.13   96.42     3      12       60
  64   48   75  256  136.27  102.20     3      12       60
  64   51   79  256  135.95  108.34     3      12       60
  64   54   84  256  139.07  117.34     3      12       60
  64   58   90  256  138.12  125.17     3      12       60
