   N    K    R   GF   Coded    Info   Lat Threads Duration
 128   26   20  256   79.91   16.23    12       8       60
 128   32   25  256   83.49   20.87    12       8       60
 128   38   29  256   82.97   24.63    12       8       60
 128   45   35  256   78.85   27.72    12       8       60
 128   51   39  256   79.86   31.82    12       8       60
 128   58   45  256   91.04   41.25    11       8       60
 128   64   50  256   81.61   40.80    12       8       60
 128   70   54  256   86.40   47.25    11       8       60
 128   77   60  256   82.63   49.71    12       8       60
 128   84   65  256   82.89   54.40    12       8       60
 128   90   70  256   82.52   58.02    12       8       60
 128   96   75  256   79.15   59.36    12       8       60
 128  102   79  256   79.23   63.13    12       8       60
 128  109   85  256  103.35   88.01     9       8       60
 128  115   89  256  104.93   94.27     9       8       60
