   N    K    R   GF   Coded    Info   Lat Threads Duration
 128   26   20  256   98.58   20.02    10       8       60
 128   32   25  256  101.27   25.32    10       8       60
 128   38   29  256  100.00   29.69    10       8       60
 128   45   35  256   88.33   31.05    11       8       60
 128   51   39  256   88.54   35.28    11       8       60
 128   58   45  256   99.71   45.18    10       8       60
 128   64   50  256   88.24   44.12    11       8       60
 128   70   54  256   91.52   50.05    11       8       60
 128   77   60  256   92.87   55.87    11       8       60
 128   84   65  256   79.54   52.20    12       8       60
 128   90   70  256   86.74   60.99    11       8       60
 128   96   75  256   82.73   62.05    12       8       60
 128  102   79  256   82.86   66.03    12       8       60
 128  109   85  256  109.80   93.50     9       8       60
 128  115   89  256  106.71   95.87     9       8       60
