   N    K    R   GF   Coded    Info   Lat Threads Duration
 128   26   20  128  179.19   36.40     5       8       60
 128   32   25  128  187.47   46.87     4       8       60
 128   38   29  128  187.05   55.53     4       8       60
 128   45   35  128  175.43   61.68     5       8       60
 128   51   39  128  176.95   70.50     5       8       60
 128   58   45  128  202.13   91.59     4       8       60
 128   64   50  128  182.13   91.07     4       8       60
 128   70   54  128  191.88  104.93     4       8       60
 128   77   60  128  182.53  109.80     4       8       60
 128   84   65  128  184.35  120.98     4       8       60
 128   90   70  128  182.15  128.07     4       8       60
 128   96   75  128  174.19  130.64     5       8       60
 128  102   79  128  173.88  138.56     5       8       60
 128  109   85  128  230.05  195.90     3       8       60
 128  115   89  128  232.56  208.94     3       8       60
