   N    K    R   GF   Coded    Info   Lat Threads Duration
 128   26   20  256   48.91    9.93    20       8       60
 128   32   25  256   48.90   12.23    20       8       60
 128   38   29  256   48.71   14.46    21       8       60
 128   45   35  256   48.61   17.09    21       8       60
 128   51   39  256   48.11   19.17    21       8       60
 128   58   45  256   48.13   21.81    21       8       60
 128   64   50  256   47.77   23.89    21       8       60
 128   70   54  256   47.19   25.81    21       8       60
 128   77   60  256   47.33   28.47    21       8       60
 128   84   65  256   46.93   30.80    21       8       60
 128   90   70  256   46.96   33.02    21       8       60
 128   96   75  256   46.42   34.81    22       8       60
 128  102   79  256   46.58   37.12    21       8       60
 128  109   85  256   46.09   39.24    22       8       60
 128  115   89  256   46.11   41.42    22       8       60
