   N    K    R   GF   Coded    Info   Lat Threads Duration
 128   26   20  128   99.03   20.12     9       8       60
 128   32   25  128   98.78   24.70     9       8       60
 128   38   29  128  101.08   30.01     8       8       60
 128   45   35  128   95.97   33.74     9       8       60
 128   51   39  128   96.12   38.30     9       8       60
 128   58   45  128   95.10   43.09     9       8       60
 128   64   50  128   98.61   49.30     9       8       60
 128   70   54  128   96.50   52.77     9       8       60
 128   77   60  128   93.86   56.46     9       8       60
 128   84   65  128   93.39   61.29     9       8       60
 128   90   70  128   92.83   65.27     9       8       60
 128   96   75  128   94.42   70.81     9       8       60
 128  102   79  128   90.72   72.30     9       8       60
 128  109   85  128   90.53   77.09     9       8       60
 128  115   89  128   90.05   80.91     9       8       60
