   N    K    R   GF   Coded    Info   Lat Threads Duration
 128   26   20  128  202.30   41.09     4       8       60
 128   32   25  128  210.84   52.71     4       8       60
 128   38   29  128  204.50   60.71     4       8       60
 128   45   35  128  178.22   62.66     5       8       60
 128   51   39  128  179.17   71.39     5       8       60
 128   58   45  128  208.87   94.64     4       8       60
 128   64   50  128  186.33   93.17     4       8       60
 128   70   54  128  192.75  105.41     4       8       60
 128   77   60  128  194.81  117.19     4       8       60
 128   84   65  128  183.02  120.11     4       8       60
 128   90   70  128  184.09  129.44     4       8       60
 128   96   75  128  173.94  130.46     5       8       60
 128  102   79  128  174.02  138.67     5       8       60
 128  109   85  128  230.13  195.97     3       8       60
 128  115   89  128  232.92  209.27     3       8       60
