   N    K    R   GF   Coded    Info   Lat Threads Duration
 256   51   19  128  313.47   62.45     5       8       60
 256   64   25  128  350.10   87.52     5       8       60
 256   77   30  128  310.51   93.39     5       8       60
 256   90   35  128  310.77  109.26     5       8       60
 256  102   39  128  314.84  125.44     5       8       60
 256  115   44  128  307.23  138.01     5       8       60
 256  128   50  128  217.01  108.51     8       8       60
 256  141   55  128  211.48  116.48     8       8       60
 256  154   60  128  211.76  127.39     8       8       60
 256  169   66  128  212.28  140.14     8       8       60
 256  179   69  128  185.67  129.83     9       8       60
 256  192   75  128  189.15  141.86     9       8       60
 256  205   80  128  174.90  140.05    10       8       60
 256  218   85  128  171.42  145.98    10       8       60
 256  230   89  128  222.55  199.95     8       8       60
