   N    K    R   GF   Coded    Info   Lat Threads Duration
 256   51   19  128  835.29  166.41     2       8       60
 256   64   25  128  569.26  142.32     3       8       60
 256   77   30  128  579.55  174.32     3       8       60
 256   90   35  128  534.61  187.95     3       8       60
 256  102   39  128  556.18  221.60     3       8       60
 256  115   44  128  513.24  230.56     3       8       60
 256  128   50  128  254.47  127.24     7       8       60
 256  141   55  128  235.10  129.49     7       8       60
 256  154   60  128  226.22  136.09     7       8       60
 256  169   66  128  220.02  145.25     8       8       60
 256  179   69  128  196.52  137.41     9       8       60
 256  192   75  128  198.27  148.70     9       8       60
 256  205   80  128  178.59  143.01    10       8       60
 256  218   85  128  170.54  145.23    10       8       60
 256  230   89  128  223.11  200.45     8       8       60
