   N    K    R   GF   Coded    Info   Lat Threads Duration
 256   51   19   16  240.94   48.00     4       8       60
 256   64   25   16  239.12   59.78     4       8       60
 256   77   30   16  238.03   71.60     4       8       60
 256   90   35   16  236.37   83.10     4       8       60
 256  102   39   16  233.33   92.97     4       8       60
 256  115   44   16  235.84  105.95     4       8       60
 256  128   50   16  228.10  114.05     4       8       60
 256  141   55   16  226.56  124.78     4       8       60
 256  154   60   16  224.67  135.15     4       8       60
 256  169   66   16  225.57  148.91     4       8       60
 256  179   69   16  224.93  157.28     4       8       60
 256  192   75   16  223.01  167.26     4       8       60
 256  205   80   16  221.30  177.21     4       8       60
 256  218   85   16  220.12  187.44     4       8       60
 256  230   89   16  219.21  196.95     4       8       60
