   N    K    R   GF   Coded    Info   Lat Threads Duration
 256   51   19  128   88.17   17.56    20       8       60
 256   64   25  128   87.38   21.84    20       8       60
 256   77   30  128   86.66   26.07    20       8       60
 256   90   35  128   86.32   30.35    20       8       60
 256  102   39  128   85.39   34.02    20       8       60
 256  115   44  128   85.08   38.22    21       8       60
 256  128   50  128   84.07   42.04    21       8       60
 256  141   55  128   82.87   45.64    21       8       60
 256  154   60  128   82.83   49.83    21       8       60
 256  169   66  128   82.13   54.22    21       8       60
 256  179   69  128   81.56   57.03    21       8       60
 256  192   75  128   75.21   56.41    23       8       60
 256  205   80  128   80.63   64.56    22       8       60
 256  218   85  128   80.24   68.33    22       8       60
 256  230   89  128   79.58   71.50    22       8       60
