   N    K    R   GF   Coded    Info   Lat Threads Duration
 256   51   19   64  558.61  111.29     2       8       60
 256   64   25   64  619.26  154.81     2       8       60
 256   77   30   64  549.54  165.29     2       8       60
 256   90   35   64  551.49  193.88     2       8       60
 256  102   39   64  559.06  222.75     2       8       60
 256  115   44   64  546.03  245.29     2       8       60
 256  128   50   64  393.22  196.61     3       8       60
 256  141   55   64  387.65  213.51     3       8       60
 256  154   60   64  388.06  233.44     3       8       60
 256  169   66   64  381.97  252.16     4       8       60
 256  179   69   64  335.76  234.77     4       8       60
 256  192   75   64  343.83  257.88     4       8       60
 256  205   80   64  320.25  256.45     4       8       60
 256  218   85   64  311.11  264.93     4       8       60
 256  230   89   64  399.56  358.98     3       8       60
