   N    K    R   GF   Coded    Info   Lat Threads Duration
 256   51   19   64  158.32   31.54     9       8       60
 256   64   25   64  156.69   39.17     9       8       60
 256   77   30   64  153.53   46.18    10       8       60
 256   90   35   64  153.76   54.06     9       8       60
 256  102   39   64  150.58   60.00    10       8       60
 256  115   44   64  152.11   68.33    10       8       60
 256  128   50   64  145.51   72.76    10       8       60
 256  141   55   64  144.41   79.54    10       8       60
 256  154   60   64  142.95   86.00    10       8       60
 256  169   66   64  145.22   95.87    10       8       60
 256  179   69   64  144.17  100.80    10       8       60
 256  192   75   64  142.86  107.15    10       8       60
 256  205   80   64  141.45  113.27    10       8       60
 256  218   85   64  140.73  119.84    10       8       60
 256  230   89   64  139.14  125.01    11       8       60
