   N    K    R   GF   Coded    Info   Lat Threads Duration
  64   13   20  256  115.22   23.40     4       8       60
  64   16   25  256   98.54   24.63     5       8       60
  64   19   29  256   96.21   28.56     5       8       60
  64   22   34  256  108.49   37.29     4       8       60
  64   26   40  256  117.18   47.61     4       8       60
  64   29   45  256  111.36   50.46     4       8       60
  64   32   50  256  103.23   51.61     4       8       60
  64   35   54  256   89.26   48.81     5       8       60
  64   38   59  256   93.73   55.65     5       8       60
  64   42   65  256   93.99   61.68     5       8       60
  64   45   70  256   92.07   64.74     5       8       60
  64   48   75  256  122.87   92.15     4       8       60
  64   51   79  256  120.41   95.95     4       8       60
  64   54   84  256  134.04  113.09     3       8       60
  64   58   90  256  143.39  129.94     3       8       60
