   N    K    R   GF   Coded    Info   Lat Threads Duration
  64   13   20  256  108.78   22.10     4       8       60
  64   16   25  256  103.93   25.98     4       8       60
  64   19   29  256   89.65   26.62     5       8       60
  64   22   34  256   91.06   31.30     5       8       60
  64   26   40  256  101.35   41.18     5       8       60
  64   29   45  256  101.23   45.87     5       8       60
  64   32   50  256  103.22   51.61     4       8       60
  64   35   54  256   94.12   51.47     5       8       60
  64   38   59  256   97.73   58.03     5       8       60
  64   42   65  256   93.15   61.13     5       8       60
  64   45   70  256   90.41   63.57     5       8       60
  64   48   75  256  118.58   88.94     4       8       60
  64   51   79  256  116.23   92.62     4       8       60
  64   54   84  256  131.60  111.03     3       8       60
  64   58   90  256  145.96  132.28     3       8       60
