   N    K    R   GF   Coded    Info   Lat Threads Duration
  64   13   20  256   58.96   11.98     8       8       60
  64   16   25  256   58.56   14.64     8       8       60
  64   19   29  256   58.11   17.25     8       8       60
  64   22   34  256   56.77   19.52     9       8       60
  64   26   40  256   56.53   22.97     9       8       60
  64   29   45  256   56.02   25.38     9       8       60
  64   32   50  256   55.95   27.98     9       8       60
  64   35   54  256   55.42   30.31     9       8       60
  64   38   59  256   56.25   33.40     9       8       60
  64   42   65  256   55.65   36.52     9       8       60
  64   45   70  256   54.70   38.46     9       8       60
  64   48   75  256   54.32   40.74     9       8       60
  64   51   79  256   54.27   43.25     9       8       60
  64   54   84  256   54.13   45.67     9       8       60
  64   58   90  256   53.56   48.54     9       8       60
