   N    K    R   GF   Coded    Info   Lat Threads Duration
 256   51   19   64  547.90  109.15     2       8       30
 256   64   25   64  628.80  157.20     2       8       30
 256   77   30   64  538.88  162.08     2       8       30
 256   90   35   64  543.53  191.08     2       8       30
 256  102   39   64  542.22  216.04     2       8       30
 256  128   50   64  381.69  190.85     4       8       30
 256  154   60   64  375.93  226.14     4       8       30
 256  169   66   64  372.44  245.87     4       8       30
 256  179   69   64  327.91  229.28     4       8       30
 256  192   75   64  337.08  252.81     4       8       30
 256  210   82   64  301.88  247.64     5       8       30
 256  230   89   64  389.53  349.96     3       8       30
