   N    K    R   GF   Coded    Info   Lat Threads Duration
 256   51   19   64  153.82   30.64     9       8       30
 256   64   25   64  150.31   37.58    10       8       30
 256   77   30   64  148.75   44.74    10       8       30
 256   90   35   64  149.24   52.47    10       8       30
 256  102   39   64  148.62   59.22    10       8       30
 256  128   50   64  145.60   72.80    10       8       30
 256  154   60   64  143.41   86.27    10       8       30
 256  169   66   64  143.86   94.97    10       8       30
 256  179   69   64  143.80  100.55    10       8       30
 256  192   75   64  141.80  106.35    10       8       30
 256  210   82   64  140.23  115.03    10       8       30
 256  230   89   64  134.51  120.85    11       8       30
