   N    K    R   GF   Coded    Info   Lat Threads Duration
  64   13   20   64  354.05   71.92     1       8       60
  64   16   25   64  346.20   86.55     1       8       60
  64   19   29   64  348.04  103.32     1       8       60
  64   22   34   64  342.77  117.83     1       8       60
  64   26   40   64  336.40  136.66     1       8       60
  64   32   50   64  332.90  166.45     1       8       60
  64   38   59   64  327.18  194.26     1       8       60
  64   42   65   64  324.52  212.96     1       8       60
  64   45   70   64  322.09  226.47     1       8       60
  64   48   75   64  319.92  239.94     1       8       60
  64   52   81   64  316.58  257.22     1       8       60
  64   58   90   64  324.42  294.00     1       8       60
