   N    K    R   GF   Coded    Info   Lat Threads Duration
 128   26   20  256   18.54    3.77    55       8       60
 128   32   25  256   19.56    4.89    52       8       60
 128   38   29  256   19.23    5.71    53       8       60
 128   45   35  256   18.31    6.44    55       8       60
 128   51   39  256   18.14    7.23    56       8       60
 128   58   45  256   21.12    9.57    48       8       60
 128   64   50  256   18.62    9.31    55       8       60
 128   70   54  256   19.75   10.80    51       8       60
 128   77   60  256   19.02   11.44    53       8       60
 128   84   65  256   18.96   12.44    54       8       60
 128   90   70  256   18.83   13.24    54       8       60
 128   96   75  256   17.92   13.44    57       8       60
 128  102   79  256   17.93   14.28    57       8       60
 128  109   85  256   24.19   20.60    42       8       60
 128  115   89  256   24.23   21.77    42       8       60
