   N    K    R   GF   Coded    Info   Lat Threads Duration
 128   26   20  256   21.08    4.28    48       8       60
 128   32   25  256   22.13    5.53    46       8       60
 128   38   29  256   21.39    6.35    47       8       60
 128   45   35  256   19.03    6.69    53       8       60
 128   51   39  256   19.10    7.61    53       8       60
 128   58   45  256   21.66    9.82    47       8       60
 128   64   50  256   19.07    9.54    53       8       60
 128   70   54  256   19.62   10.73    52       8       60
 128   77   60  256   19.88   11.96    51       8       60
 128   84   65  256   18.87   12.38    54       8       60
 128   90   70  256   18.77   13.20    54       8       60
 128   96   75  256   17.80   13.35    57       8       60
 128  102   79  256   17.81   14.19    57       8       60
 128  109   85  256   23.80   20.27    43       8       60
 128  115   89  256   24.08   21.64    42       8       60
