   N    K    R   GF   Coded    Info   Lat Threads Duration
 128   26   20  128   37.09    7.53    24       8       60
 128   32   25  128   38.83    9.71    23       8       60
 128   38   29  128   38.51   11.43    23       8       60
 128   45   35  128   36.22   12.73    24       8       60
 128   51   39  128   36.67   14.61    24       8       60
 128   58   45  128   42.31   19.17    21       8       60
 128   64   50  128   37.39   18.69    23       8       60
 128   70   54  128   39.38   21.54    22       8       60
 128   77   60  128   37.83   22.76    23       8       60
 128   84   65  128   37.43   24.57    23       8       60
 128   90   70  128   37.31   26.23    24       8       60
 128   96   75  128   35.59   26.69    25       8       60
 128  102   79  128   35.92   28.62    24       8       60
 128  109   85  128   47.26   40.25    18       8       60
 128  115   89  128   48.25   43.35    18       8       60
