   N    K    R   GF   Coded    Info   Lat Threads Duration
 128   26   20  256   10.32    2.10    99       8       60
 128   32   25  256   10.19    2.55   100       8       60
 128   38   29  256   10.26    3.05    99       8       60
 128   45   35  256   10.11    3.56   101       8       60
 128   51   39  256   10.20    4.07   100       8       60
 128   58   45  256   10.05    4.55   101       8       60
 128   64   50  256   10.07    5.04   101       8       60
 128   70   54  256   10.06    5.50   101       8       60
 128   77   60  256   10.03    6.04   102       8       60
 128   84   65  256    9.89    6.49   103       8       60
 128   90   70  256    9.93    6.98   103       8       60
 128   96   75  256    9.90    7.42   103       8       60
 128  102   79  256    9.86    7.86   103       8       60
 128  109   85  256    9.84    8.38   104       8       60
 128  115   89  256    9.78    8.79   104       8       60
