   N    K    R   GF   Coded    Info   Lat Threads Duration
 128   26   20  128   42.92    8.72    20       8       60
 128   32   25  128   44.13   11.03    20       8       60
 128   38   29  128   43.17   12.81    20       8       60
 128   45   35  128   37.74   13.27    23       8       60
 128   51   39  128   38.00   15.14    23       8       60
 128   58   45  128   43.40   19.67    20       8       60
 128   64   50  128   38.55   19.27    23       8       60
 128   70   54  128   39.71   21.72    22       8       60
 128   77   60  128   40.38   24.29    22       8       60
 128   84   65  128   37.52   24.62    23       8       60
 128   90   70  128   37.56   26.41    23       8       60
 128   96   75  128   35.56   26.67    25       8       60
 128  102   79  128   36.09   28.76    24       8       60
 128  109   85  128   47.48   40.43    18       8       60
 128  115   89  128   48.57   43.64    18       8       60
