   N    K    R   GF   Coded    Info   Lat Threads Duration
 128   26   20  128   20.47    4.16    43       8       60
 128   32   25  128   20.50    5.12    43       8       60
 128   38   29  128   20.35    6.04    44       8       60
 128   45   35  128   20.29    7.13    44       8       60
 128   51   39  128   20.19    8.04    44       8       60
 128   58   45  128   20.11    9.11    44       8       60
 128   64   50  128   20.02   10.01    44       8       60
 128   70   54  128   19.73   10.79    45       8       60
 128   77   60  128   19.68   11.84    45       8       60
 128   84   65  128   19.72   12.94    45       8       60
 128   90   70  128   19.39   13.63    46       8       60
 128   96   75  128   19.58   14.68    45       8       60
 128  102   79  128   19.19   15.29    46       8       60
 128  109   85  128   19.43   16.55    46       8       60
 128  115   89  128   19.06   17.12    47       8       60
