   N    K    R   GF   Coded    Info   Lat Threads Duration
 256   51   19   64   39.95    7.96    38       8       60
 256   64   25   64   39.77    9.94    38       8       60
 256   77   30   64   39.60   11.91    38       8       60
 256   90   35   64   39.34   13.83    39       8       60
 256  102   39   64   39.15   15.60    39       8       60
 256  115   44   64   39.08   17.56    39       8       60
 256  128   50   64   38.98   19.49    39       8       60
 256  141   55   64   38.86   21.40    39       8       60
 256  154   60   64   38.48   23.15    39       8       60
 256  169   66   64   38.45   25.38    39       8       60
 256  179   69   64   38.13   26.66    40       8       60
 256  192   75   64   38.08   28.56    40       8       60
 256  205   80   64   37.88   30.33    40       8       60
 256  218   85   64   37.60   32.02    40       8       60
 256  230   89   64   34.75   31.22    44       8       60
