   N    K    R   GF   Coded    Info   Lat Threads Duration
 256   51   19   64  366.74   73.06     4       8       60
 256   64   25   64  296.96   74.24     5       8       60
 256   77   30   64  267.72   80.53     5       8       60
 256   90   35   64  248.89   87.50     6       8       60
 256  102   39   64  259.61  103.44     5       8       60
 256  115   44   64  238.69  107.22     6       8       60
 256  128   50   64  120.18   60.09    12       8       60
 256  141   55   64  113.42   62.47    13       8       60
 256  154   60   64  109.05   65.60    14       8       60
 256  169   66   64  106.04   70.00    14       8       60
 256  179   69   64   94.32   65.95    16       8       60
 256  192   75   64   95.15   71.36    16       8       60
 256  205   80   64   86.57   69.32    17       8       60
 256  218   85   64   81.61   69.50    18       8       60
 256  230   89   64  106.39   95.59    14       8       60
