   N    K    R   GF   Coded    Info   Lat Threads Duration
 256   51   19  128   66.49   13.25    26       8       60
 256   64   25  128   73.81   18.45    24       8       60
 256   77   30  128   65.73   19.77    27       8       60
 256   90   35  128   65.94   23.18    27       8       60
 256  102   39  128   66.82   26.62    26       8       60
 256  115   44  128   64.89   29.15    27       8       60
 256  128   50  128   44.66   22.33    40       8       60
 256  141   55  128   43.67   24.05    41       8       60
 256  154   60  128   44.55   26.80    40       8       60
 256  169   66  128   43.89   28.98    40       8       60
 256  179   69  128   38.37   26.83    46       8       60
 256  192   75  128   39.84   29.88    44       8       60
 256  205   80  128   36.39   29.14    49       8       60
 256  218   85  128   35.26   30.03    50       8       60
 256  230   89  128   46.72   41.97    38       8       60
