   N    K    R   GF   Coded    Info   Lat Threads Duration
 256   51   19  128   17.62    3.51   101       8       60
 256   64   25  128   17.51    4.38   102       8       60
 256   77   30  128   17.46    5.25   102       8       60
 256   90   35  128   17.38    6.11   103       8       60
 256  102   39  128   17.20    6.85   104       8       60
 256  115   44  128   17.14    7.70   104       8       60
 256  128   50  128   17.19    8.59   104       8       60
 256  141   55  128   16.95    9.33   105       8       60
 256  154   60  128   16.92   10.18   105       8       60
 256  169   66  128   17.00   11.22   105       8       60
 256  179   69  128   16.93   11.84   105       8       60
 256  192   75  128   16.83   12.62   106       8       60
 256  205   80  128   16.86   13.50   106       8       60
 256  218   85  128   16.71   14.23   107       8       60
 256  230   89  128   16.44   14.77   108       8       60
