   N    K    R   GF   Coded    Info   Lat Threads Duration
 256   51   19   16   96.36   19.20    10       8       60
 256   64   25   16   96.06   24.02    10       8       60
 256   77   30   16   95.64   28.77    10       8       60
 256   90   35   16   95.14   33.45    10       8       60
 256  102   39   16   94.30   37.57    10       8       60
 256  115   44   16   93.72   42.10    10       8       60
 256  128   50   16   92.09   46.05    11       8       60
 256  141   55   16   92.03   50.69    11       8       60
 256  154   60   16   91.77   55.20    11       8       60
 256  169   66   16   90.48   59.73    11       8       60
 256  179   69   16   89.39   62.51    11       8       60
 256  192   75   16   90.18   67.63    11       8       60
 256  205   80   16   89.28   71.49    11       8       60
 256  218   85   16   88.41   75.29    11       8       60
 256  230   89   16   88.75   79.74    11       8       60
