   N    K    R   GF   Coded    Info   Lat Threads Duration
  64   13   20  256   12.38    2.51    41       8       60
  64   16   25  256   12.34    3.09    41       8       60
  64   19   29  256   12.27    3.64    41       8       60
  64   22   34  256   12.21    4.20    41       8       60
  64   26   40  256   12.16    4.94    42       8       60
  64   29   45  256   12.11    5.49    42       8       60
  64   32   50  256   12.06    6.03    42       8       60
  64   35   54  256   11.98    6.55    42       8       60
  64   38   59  256   11.94    7.09    42       8       60
  64   42   65  256   11.78    7.73    43       8       60
  64   45   70  256   11.85    8.33    43       8       60
  64   48   75  256   11.78    8.83    43       8       60
  64   51   79  256   11.73    9.35    43       8       60
  64   54   84  256   11.70    9.87    43       8       60
  64   58   90  256   11.55   10.47    44       8       60
