   N    K    R   GF   Coded    Info   Lat Threads Duration
  64   13   20  256   25.37    5.15    20       8       60
  64   16   25  256   24.33    6.08    21       8       60
  64   19   29  256   23.65    7.02    21       8       60
  64   22   34  256   23.59    8.11    21       8       60
  64   26   40  256   25.77   10.47    19       8       60
  64   29   45  256   24.54   11.12    20       8       60
  64   32   50  256   24.72   12.36    20       8       60
  64   35   54  256   21.56   11.79    23       8       60
  64   38   59  256   22.77   13.52    22       8       60
  64   42   65  256   22.79   14.96    22       8       60
  64   45   70  256   20.65   14.52    24       8       60
  64   48   75  256   27.75   20.81    18       8       60
  64   51   79  256   26.67   21.25    19       8       60
  64   54   84  256   30.60   25.82    16       8       60
  64   58   90  256   34.52   31.28    14       8       60
