   N    K    R   GF   Coded    Info   Lat Threads Duration
  64   13   20  256   25.12    5.10    20       8       60
  64   16   25  256   24.05    6.01    21       8       60
  64   19   29  256   20.81    6.18    24       8       60
  64   22   34  256   21.20    7.29    24       8       60
  64   26   40  256   23.63    9.60    21       8       60
  64   29   45  256   23.62   10.70    21       8       60
  64   32   50  256   24.13   12.07    21       8       60
  64   35   54  256   21.44   11.72    23       8       60
  64   38   59  256   22.55   13.39    22       8       60
  64   42   65  256   21.48   14.10    23       8       60
  64   45   70  256   20.30   14.27    25       8       60
  64   48   75  256   27.55   20.66    18       8       60
  64   51   79  256   26.89   21.43    19       8       60
  64   54   84  256   30.57   25.80    16       8       60
  64   58   90  256   34.41   31.19    14       8       60
