   N    K    R   GF   Coded    Info   Lat Threads Duration
  16    3   18   64   67.20   12.60     1       1       60
  16    4   25   64   64.75   16.19     1       1       60
  16    5   31   64   63.52   19.85     1       1       60
  16    6   37   64   62.29   23.36     1       1       60
  16    6   37   64   62.27   23.35     1       1       60
  16    7   43   64   61.06   26.71     1       1       60
  16    8   50   64   60.34   30.17     1       1       60
  16    9   56   64   58.95   33.16     1       1       60
  16   10   62   64   57.87   36.17     1       1       60
  16   11   68   64   57.06   39.23     1       1       60
  16   11   68   64   57.00   39.19     1       1       60
  16   12   75   64   56.14   42.10     1       1       60
  16   13   81   64   54.84   44.56     1       1       60
  16   14   87   64   54.66   47.83     1       1       60
  16   14   87   64   54.66   47.83     1       1       60
