   N    K    R   GF   Coded    Info   Lat Threads Duration
  16    3   18   64  156.01   29.25     0       1       60
  16    4   25   64  138.45   34.61     0       1       60
  16    5   31   64  114.85   35.89     0       1       60
  16    6   37   64  114.93   43.10     0       1       60
  16    6   37   64  116.34   43.63     0       1       60
  16    7   43   64  113.02   49.44     0       1       60
  16    8   50   64  159.55   79.77     0       1       60
  16    9   56   64  135.55   76.25     0       1       60
  16   10   62   64  151.79   94.87     0       1       60
  16   11   68   64  136.93   94.14     0       1       60
  16   11   68   64  138.69   95.35     0       1       60
  16   12   75   64  139.11  104.33     0       1       60
  16   13   81   64  141.03  114.59     0       1       60
  16   14   87   64  131.69  115.23     0       1       60
  16   14   87   64  132.07  115.56     0       1       60
