   N    K    R   GF   Coded    Info   Lat Threads Duration
 128   26   20  128   47.56    9.66    18       1       60
 128   32   25  128   49.57   12.39    18       1       60
 128   38   29  128   47.87   14.21    18       1       60
 128   45   35  128   41.85   14.71    21       1       60
 128   51   39  128   41.99   16.73    21       1       60
 128   58   45  128   47.80   21.66    18       1       60
 128   64   50  128   42.57   21.28    21       1       60
 128   70   54  128   43.77   23.94    20       1       60
 128   77   60  128   44.37   26.69    20       1       60
 128   84   65  128   41.69   27.36    21       1       60
 128   90   70  128   41.02   28.85    21       1       60
 128   96   75  128   39.48   29.61    22       1       60
 128  102   79  128   39.30   31.32    22       1       60
 128  109   85  128   51.86   44.16    17       1       60
 128  115   89  128   52.62   47.28    17       1       60
