   N    K    R   GF   Coded    Info   Lat Threads Duration
 128   26   20   64   39.06    7.93    19       1       60
 128   32   25   64   38.67    9.67    19       1       60
 128   38   29   64   38.30   11.37    20       1       60
 128   45   35   64   37.25   13.09    20       1       60
 128   51   39   64   37.23   14.83    20       1       60
 128   58   45   64   36.23   16.42    21       1       60
 128   64   50   64   36.58   18.29    20       1       60
 128   70   54   64   36.19   19.79    21       1       60
 128   77   60   64   35.88   21.58    21       1       60
 128   84   65   64   35.33   23.18    21       1       60
 128   90   70   64   35.08   24.66    21       1       60
 128   96   75   64   34.75   26.06    22       1       60
 128  102   79   64   35.60   28.37    21       1       60
 128  109   85   64   35.12   29.91    21       1       60
 128  115   89   64   35.12   31.55    21       1       60
