   N    K    R   GF   Coded    Info   Lat Threads Duration
 128   26   20  128   23.08    4.69    38       1       60
 128   32   25  128   22.92    5.73    39       1       60
 128   38   29  128   22.68    6.73    39       1       60
 128   45   35  128   22.39    7.87    40       1       60
 128   51   39  128   22.29    8.88    40       1       60
 128   58   45  128   21.84    9.89    41       1       60
 128   64   50  128   22.02   11.01    40       1       60
 128   70   54  128   21.38   11.69    41       1       60
 128   77   60  128   21.63   13.01    41       1       60
 128   84   65  128   21.45   14.08    41       1       60
 128   90   70  128   20.97   14.74    42       1       60
 128   96   75  128   21.15   15.86    42       1       60
 128  102   79  128   20.78   16.56    43       1       60
 128  109   85  128   20.98   17.87    42       1       60
 128  115   89  128   20.87   18.75    42       1       60
