   N    K    R   GF   Coded    Info   Lat Threads Duration
  16    3   18   64  755.88  141.73     0       1       60
  16    4   25   64  262.93   65.73     0       1       60
  16    5   31   64  116.19   36.31     0       1       60
  16    6   37   64  116.19   43.57     0       1       60
  16    6   37   64  116.51   43.69     0       1       60
  16    7   43   64  115.05   50.33     0       1       60
  16    8   50   64  160.89   80.45     0       1       60
  16    9   56   64  154.78   87.07     0       1       60
  16   10   62   64  156.31   97.69     0       1       60
  16   11   68   64  139.43   95.86     0       1       60
  16   11   68   64  138.26   95.05     0       1       60
  16   12   75   64  139.64  104.73     0       1       60
  16   13   81   64  134.96  109.65     0       1       60
  16   14   87   64  130.36  114.07     0       1       60
  16   14   87   64  130.08  113.82     0       1       60
