   N    K    R   GF   Coded    Info   Lat Threads Duration
 128   26   20  256   22.34    4.54    45       1       60
 128   32   25  256   23.28    5.82    43       1       60
 128   38   29  256   22.93    6.81    44       1       60
 128   45   35  256   20.17    7.09    50       1       60
 128   51   39  256   20.33    8.10    50       1       60
 128   58   45  256   22.51   10.20    45       1       60
 128   64   50  256   20.26   10.13    50       1       60
 128   70   54  256   20.92   11.44    48       1       60
 128   77   60  256   21.22   12.77    48       1       60
 128   84   65  256   17.58   11.54    58       1       60
 128   90   70  256   19.82   13.93    51       1       60
 128   96   75  256   18.75   14.06    54       1       60
 128  102   79  256   18.93   15.08    54       1       60
 128  109   85  256   25.05   21.33    40       1       60
 128  115   89  256   24.18   21.73    42       1       60
