   N    K    R   GF   Coded    Info   Lat Threads Duration
 128   26   20   64   71.11   14.44    10       1       60
 128   32   25   64   73.53   18.38    10       1       60
 128   38   29   64   74.26   22.05    10       1       60
 128   45   35   64   69.38   24.39    11       1       60
 128   51   39   64   70.47   28.08    10       1       60
 128   58   45   64   79.35   35.95     9       1       60
 128   64   50   64   71.62   35.81    10       1       60
 128   70   54   64   75.15   41.10    10       1       60
 128   77   60   64   71.71   43.14    10       1       60
 128   84   65   64   72.06   47.29    10       1       60
 128   90   70   64   70.84   49.81    10       1       60
 128   96   75   64   67.98   50.99    11       1       60
 128  102   79   64   70.52   56.20    10       1       60
 128  109   85   64   90.95   77.45     8       1       60
 128  115   89   64   91.01   81.77     8       1       60
