   N    K    R   GF   Coded    Info   Lat Threads Duration
 128   26   20  256   17.99    3.65    56       1       60
 128   32   25  256   18.75    4.69    54       1       60
 128   38   29  256   18.47    5.48    55       1       60
 128   45   35  256   17.78    6.25    57       1       60
 128   51   39  256   17.61    7.02    58       1       60
 128   58   45  256   20.65    9.36    49       1       60
 128   64   50  256   18.44    9.22    55       1       60
 128   70   54  256   19.22   10.51    53       1       60
 128   77   60  256   18.75   11.28    54       1       60
 128   84   65  256   18.70   12.27    54       1       60
 128   90   70  256   18.48   13.00    55       1       60
 128   96   75  256   17.90   13.43    57       1       60
 128  102   79  256   17.92   14.28    57       1       60
 128  109   85  256   22.84   19.45    44       1       60
 128  115   89  256   23.54   21.15    43       1       60
