   N    K    R   GF   Coded    Info   Lat Threads Duration
 128   26   20  256   11.25    2.28    91       1       60
 128   32   25  256   11.19    2.80    91       1       60
 128   38   29  256   11.19    3.32    91       1       60
 128   45   35  256   11.13    3.91    91       1       60
 128   51   39  256   11.02    4.39    92       1       60
 128   58   45  256   11.01    4.99    93       1       60
 128   64   50  256   10.73    5.36    95       1       60
 128   70   54  256   10.87    5.94    94       1       60
 128   77   60  256   10.85    6.53    94       1       60
 128   84   65  256   10.73    7.04    95       1       60
 128   90   70  256   10.72    7.54    95       1       60
 128   96   75  256   10.56    7.92    96       1       60
 128  102   79  256   10.62    8.47    96       1       60
 128  109   85  256   10.60    9.02    96       1       60
 128  115   89  256   10.50    9.44    97       1       60
