   N    K    R   GF   Coded    Info   Lat Threads Duration
 128   26   20   64   81.13   16.48     9       1       60
 128   32   25   64   84.59   21.15     9       1       60
 128   38   29   64   82.67   24.54     9       1       60
 128   45   35   64   71.55   25.15    10       1       60
 128   51   39   64   72.82   29.01    10       1       60
 128   58   45   64   81.49   36.93     9       1       60
 128   64   50   64   69.39   34.70    11       1       60
 128   70   54   64   75.08   41.06    10       1       60
 128   77   60   64   74.93   45.07    10       1       60
 128   84   65   64   69.69   45.73    11       1       60
 128   90   70   64   68.82   48.39    11       1       60
 128   96   75   64   66.55   49.91    11       1       60
 128  102   79   64   68.58   54.65    11       1       60
 128  109   85   64   88.80   75.62     8       1       60
 128  115   89   64   89.19   80.13     8       1       60
