   N    K    R   GF   Coded    Info   Lat Threads Duration
 128   26   20  128   42.54    8.64    21       1       60
 128   32   25  128   44.61   11.15    20       1       60
 128   38   29  128   43.97   13.05    20       1       60
 128   45   35  128   41.99   14.76    21       1       60
 128   51   39  128   42.12   16.78    21       1       60
 128   58   45  128   48.53   21.99    18       1       60
 128   64   50  128   43.39   21.69    20       1       60
 128   70   54  128   45.68   24.98    19       1       60
 128   77   60  128   43.69   26.29    20       1       60
 128   84   65  128   44.03   28.90    20       1       60
 128   90   70  128   43.86   30.84    20       1       60
 128   96   75  128   41.97   31.48    21       1       60
 128  102   79  128   41.76   33.27    21       1       60
 128  109   85  128   54.95   46.79    16       1       60
 128  115   89  128   54.42   48.89    16       1       60
