   N    K    R   GF   Coded    Info   Lat Threads Duration
 256   51   19   64  333.34   66.41     4       1       60
 256   64   25   64  249.80   62.45     6       1       60
 256   77   30   64  232.81   70.03     6       1       60
 256   90   35   64  213.42   75.03     7       1       60
 256  102   39   64  223.02   88.86     6       1       60
 256  115   44   64  204.44   91.84     7       1       60
 256  128   50   64  102.20   51.10    15       1       60
 256  141   55   64   96.72   53.27    15       1       60
 256  154   60   64   91.18   54.85    16       1       60
 256  169   66   64   88.49   58.41    17       1       60
 256  179   69   64   80.44   56.24    19       1       60
 256  192   75   64   80.89   60.67    18       1       60
 256  205   80   64   73.51   58.87    20       1       60
 256  218   85   64   70.07   59.67    21       1       60
 256  230   89   64   89.49   80.40    17       1       60
