   N    K    R   GF   Coded    Info   Lat Threads Duration
 256   51   19   64  133.93   26.68    11       1       60
 256   64   25   64  151.73   37.93    10       1       60
 256   77   30   64  131.63   39.59    11       1       60
 256   90   35   64  132.58   46.61    11       1       60
 256  102   39   64  132.30   52.71    11       1       60
 256  115   44   64  129.08   57.99    11       1       60
 256  128   50   64   79.75   39.87    19       1       60
 256  141   55   64   79.26   43.65    19       1       60
 256  154   60   64   78.47   47.21    19       1       60
 256  169   66   64   78.71   51.96    19       1       60
 256  179   69   64   69.93   48.89    21       1       60
 256  192   75   64   68.29   51.22    22       1       60
 256  205   80   64   66.31   53.10    23       1       60
 256  218   85   64   65.13   55.46    23       1       60
 256  230   89   64   89.59   80.49    17       1       60
