   N    K    R   GF   Coded    Info   Lat Threads Duration
 256   51   19   16   45.73    9.11    22       1       60
 256   64   25   16   45.40   11.35    22       1       60
 256   77   30   16   46.01   13.84    22       1       60
 256   90   35   16   45.68   16.06    22       1       60
 256  102   39   16   44.29   17.65    23       1       60
 256  115   44   16   44.10   19.81    23       1       60
 256  128   50   16   43.80   21.90    23       1       60
 256  141   55   16   43.54   23.98    23       1       60
 256  154   60   16   43.98   26.46    23       1       60
 256  169   66   16   41.67   27.51    24       1       60
 256  179   69   16   40.70   28.46    25       1       60
 256  192   75   16   40.18   30.13    25       1       60
 256  205   80   16   40.63   32.53    25       1       60
 256  218   85   16   40.17   34.21    25       1       60
 256  230   89   16   41.32   37.12    24       1       60
