   N    K    R   GF   Coded    Info   Lat Threads Duration
 256   51   19   64   36.98    7.37    41       1       60
 256   64   25   64   36.27    9.07    42       1       60
 256   77   30   64   36.21   10.89    42       1       60
 256   90   35   64   35.93   12.63    42       1       60
 256  102   39   64   35.66   14.21    43       1       60
 256  128   50   64   35.09   17.54    43       1       60
 256  154   60   64   34.01   20.46    45       1       60
 256  169   66   64   34.30   22.64    44       1       60
 256  179   69   64   34.14   23.87    44       1       60
 256  192   75   64   33.85   25.39    45       1       60
 256  210   82   64   33.43   27.42    45       1       60
 256  230   89   64   32.40   29.11    47       1       60
