   N    K    R   GF   Coded    Info   Lat Threads Duration
 256   51   19   16   38.00    7.57    26       1       60
 256   64   25   16   38.08    9.52    26       1       60
 256   77   30   16   38.21   11.49    26       1       60
 256   90   35   16   38.02   13.37    26       1       60
 256  102   39   16   37.21   14.83    27       1       60
 256  128   50   16   37.44   18.72    27       1       60
 256  154   60   16   36.56   21.99    28       1       60
 256  169   66   16   35.45   23.40    28       1       60
 256  179   69   16   35.70   24.96    28       1       60
 256  192   75   16   35.12   26.34    29       1       60
 256  210   82   16   35.32   28.97    28       1       60
 256  230   89   16   35.95   32.30    28       1       60
