   N    K    R   GF   Coded    Info   Lat Threads Duration
 256   51   19   64   37.40    7.45    41       1       60
 256   64   25   64   37.26    9.31    41       1       60
 256   77   30   64   36.41   10.95    42       1       60
 256   90   35   64   35.89   12.62    42       1       60
 256  102   39   64   35.62   14.19    43       1       60
 256  115   44   64   35.22   15.82    43       1       60
 256  128   50   64   34.67   17.34    44       1       60
 256  141   55   64   33.18   18.28    46       1       60
 256  154   60   64   32.86   19.77    46       1       60
 256  169   66   64   33.36   22.02    46       1       60
 256  179   69   64   33.11   23.15    46       1       60
 256  192   75   64   32.73   24.55    46       1       60
 256  205   80   64   32.44   25.97    47       1       60
 256  218   85   64   32.06   27.30    47       1       60
 256  230   89   64   31.85   28.61    48       1       60
