   N    K    R   GF   Coded    Info   Lat Threads Duration
 256   51   19   16   38.52    7.67    26       1       60
 256   64   25   16   38.09    9.52    26       1       60
 256   77   30   16   38.03   11.44    26       1       60
 256   90   35   16   37.81   13.29    27       1       60
 256  102   39   16   37.61   14.98    27       1       60
 256  128   50   16   37.37   18.69    27       1       60
 256  154   60   16   36.93   22.22    27       1       60
 256  169   66   16   34.66   22.88    29       1       60
 256  179   69   16   34.47   24.10    29       1       60
 256  192   75   16   33.82   25.36    30       1       60
 256  210   82   16   33.81   27.74    30       1       60
 256  230   89   16   35.47   31.87    28       1       60
