   N    K    R   GF   Coded    Info   Lat Threads Duration
 256   51   19  128   20.43    4.07    87       1       60
 256   64   25  128   20.35    5.09    88       1       60
 256   77   30  128   20.07    6.04    89       1       60
 256   90   35  128   19.74    6.94    90       1       60
 256  102   39  128   19.83    7.90    90       1       60
 256  115   44  128   19.70    8.85    90       1       60
 256  128   50  128   19.10    9.55    93       1       60
 256  141   55  128   19.29   10.62    92       1       60
 256  154   60  128   18.47   11.11    97       1       60
 256  169   66  128   18.96   12.52    94       1       60
 256  179   69  128   18.92   13.23    94       1       60
 256  192   75  128   18.71   14.04    95       1       60
 256  205   80  128   18.61   14.90    96       1       60
 256  218   85  128   18.35   15.63    97       1       60
 256  230   89  128   18.39   16.52    97       1       60
