   N    K    R   GF   Coded    Info   Lat Threads Duration
 256   51   19  128   73.84   14.71    24       1       60
 256   64   25  128   81.73   20.43    21       1       60
 256   77   30  128   72.87   21.92    24       1       60
 256   90   35  128   73.13   25.71    24       1       60
 256  102   39  128   73.51   29.29    24       1       60
 256  115   44  128   72.14   32.41    24       1       60
 256  128   50  128   50.60   25.30    35       1       60
 256  141   55  128   48.72   26.83    36       1       60
 256  154   60  128   49.43   29.73    36       1       60
 256  169   66  128   49.45   32.64    36       1       60
 256  179   69  128   43.24   30.23    41       1       60
 256  192   75  128   44.28   33.21    40       1       60
 256  205   80  128   40.75   32.63    43       1       60
 256  218   85  128   39.89   33.97    44       1       60
 256  230   89  128   51.71   46.45    34       1       60
