   N    K    R   GF   Coded    Info   Lat Threads Duration
 256   51   19  128  193.95   38.64     9       1       60
 256   64   25  128  127.34   31.84    14       1       60
 256   77   30  128  136.68   41.11    13       1       60
 256   90   35  128  124.91   43.91    14       1       60
 256  102   39  128  129.80   51.72    13       1       60
 256  115   44  128  118.88   53.40    15       1       60
 256  128   50  128   60.33   30.17    29       1       60
 256  141   55  128   55.38   30.50    32       1       60
 256  154   60  128   52.46   31.56    34       1       60
 256  169   66  128   51.79   34.19    34       1       60
 256  179   69  128   45.25   31.64    39       1       60
 256  192   75  128   46.47   34.85    38       1       60
 256  205   80  128   41.91   33.56    42       1       60
 256  218   85  128   40.15   34.19    44       1       60
 256  230   89  128   52.05   46.77    34       1       60
