   N    K    R   GF   Coded    Info   Lat Threads Duration
 256   51   19   16  569.85  113.52     1       1       60
 256   64   25   16  402.69  100.67     2       1       60
 256   77   30   16  284.95   85.71     3       1       60
 256   90   35   16  261.26   91.85     3       1       60
 256  102   39   16  259.54  103.41     3       1       60
 256  115   44   16  214.46   96.34     4       1       60
 256  128   50   16  128.94   64.47     7       1       60
 256  141   55   16  136.82   75.36     7       1       60
 256  154   60   16  123.29   74.17     8       1       60
 256  169   66   16  119.24   78.72     8       1       60
 256  179   69   16   96.92   67.77    10       1       60
 256  192   75   16   97.14   72.86    10       1       60
 256  205   80   16   90.59   72.55    11       1       60
 256  218   85   16   82.49   70.24    12       1       60
 256  230   89   16   86.72   77.92    11       1       60
