   N    K    R   GF   Coded    Info   Lat Threads Duration
 256   51   19   64   23.78    4.74    64       1       60
 256   64   25   64   23.63    5.91    65       1       60
 256   77   30   64   23.46    7.06    65       1       60
 256   90   35   64   23.35    8.21    65       1       60
 256  102   39   64   23.27    9.27    66       1       60
 256  128   50   64   22.82   11.41    67       1       60
 256  154   60   64   22.71   13.66    67       1       60
 256  169   66   64   22.58   14.91    68       1       60
 256  179   69   64   22.50   15.73    68       1       60
 256  192   75   64   22.28   16.71    68       1       60
 256  210   82   64   22.25   18.25    69       1       60
 256  230   89   64   21.70   19.49    70       1       60
