   N    K    R   GF   Coded    Info   Lat Threads Duration
 256   51   19   16  210.00   41.84     4       1       60
 256   64   25   16  234.56   58.64     4       1       60
 256   77   30   16  194.39   58.47     5       1       60
 256   90   35   16  190.94   67.13     5       1       60
 256  102   39   16  192.49   76.70     5       1       60
 256  115   44   16  181.34   81.46     5       1       60
 256  128   50   16  122.10   61.05     8       1       60
 256  141   55   16  120.54   66.39     8       1       60
 256  154   60   16  118.93   71.54     8       1       60
 256  169   66   16  116.74   77.07     8       1       60
 256  179   69   16   99.77   69.76    10       1       60
 256  192   75   16  102.70   77.02     9       1       60
 256  205   80   16   93.04   74.50    11       1       60
 256  218   85   16   89.12   75.89    11       1       60
 256  230   89   16  114.74  103.09     8       1       60
