   N    K    R   GF   Coded    Info   Lat Threads Duration
  32    6   18   64   52.79    9.90     3       1       60
  32    8   25   64   52.03   13.01     3       1       60
  32   10   31   64   51.25   16.02     3       1       60
  32   11   34   64   50.73   17.44     3       1       60
  32   13   40   64   50.59   20.55     3       1       60
  32   14   43   64   50.19   21.96     3       1       60
  32   16   50   64   49.57   24.79     3       1       60
  32   18   56   64   47.44   26.68     4       1       60
  32   19   59   64   48.57   28.84     3       1       60
  32   21   65   64   48.02   31.51     3       1       60
  32   22   68   64   47.25   32.49     4       1       60
  32   24   75   64   46.80   35.10     4       1       60
  32   26   81   64   46.31   37.62     4       1       60
  32   27   84   64   46.16   38.95     4       1       60
  32   29   90   64   45.33   41.08     4       1       60
