   N    K    R   GF   Coded    Info   Lat Threads Duration
  32    6   18   64   97.95   18.37     1       1       60
  32    8   25   64   97.99   24.50     1       1       60
  32   10   31   64  109.52   34.23     1       1       60
  32   11   34   64  109.67   37.70     1       1       60
  32   13   40   64  108.07   43.90     1       1       60
  32   14   43   64  109.10   47.73     1       1       60
  32   16   50   64   94.67   47.34     2       1       60
  32   18   56   64   96.37   54.21     1       1       60
  32   19   59   64   84.94   50.44     2       1       60
  32   21   65   64  115.89   76.05     1       1       60
  32   22   68   64  116.74   80.26     1       1       60
  32   24   75   64  124.28   93.21     1       1       60
  32   26   81   64  122.49   99.52     1       1       60
  32   27   84   64  125.71  106.07     1       1       60
  32   29   90   64  121.66  110.26     1       1       60
