   N    K    R   GF   Coded    Info   Lat Threads Duration
  32    6   18   64   97.91   18.36     1       1       60
  32    8   25   64   97.31   24.33     1       1       60
  32   10   31   64  104.98   32.81     1       1       60
  32   11   34   64  108.72   37.37     1       1       60
  32   13   40   64   89.55   36.38     2       1       60
  32   14   43   64   95.45   41.76     2       1       60
  32   16   50   64   92.89   46.44     2       1       60
  32   18   56   64   91.11   51.25     2       1       60
  32   19   59   64   86.88   51.59     2       1       60
  32   21   65   64  115.92   76.07     1       1       60
  32   22   68   64  114.40   78.65     1       1       60
  32   24   75   64  126.26   94.70     1       1       60
  32   26   81   64  127.81  103.85     1       1       60
  32   27   84   64  127.36  107.46     1       1       60
  32   29   90   64  124.77  113.07     1       1       60
