   N    K    R   GF   Coded    Info   Lat Threads Duration
  64   13   20  256   13.25    2.69    38       1       60
  64   16   25  256   13.11    3.28    39       1       60
  64   19   29  256   13.13    3.90    38       1       60
  64   22   34  256   12.96    4.45    39       1       60
  64   26   40  256   12.92    5.25    39       1       60
  64   29   45  256   12.90    5.85    39       1       60
  64   32   50  256   12.75    6.38    40       1       60
  64   35   54  256   12.80    7.00    40       1       60
  64   38   59  256   12.71    7.55    40       1       60
  64   42   65  256   12.66    8.31    40       1       60
  64   45   70  256   12.63    8.88    40       1       60
  64   48   75  256   12.51    9.38    40       1       60
  64   51   79  256   12.44    9.92    41       1       60
  64   54   84  256   12.38   10.45    41       1       60
  64   58   90  256   12.30   11.15    41       1       60
