   N    K    R   GF   Coded    Info   Lat Threads Duration
  64   13   20  256    8.29    1.68    61       1       60
  64   16   25  256    8.30    2.08    61       1       60
  64   19   29  256    8.06    2.39    63       1       60
  64   22   34  256    8.22    2.83    62       1       60
  64   26   40  256    8.24    3.35    62       1       60
  64   32   50  256    8.18    4.09    62       1       60
  64   38   59  256    8.12    4.82    63       1       60
  64   42   65  256    7.92    5.20    64       1       60
  64   45   70  256    8.08    5.68    63       1       60
  64   48   75  256    8.08    6.06    63       1       60
  64   52   81  256    8.06    6.55    63       1       60
  64   58   90  256    7.96    7.22    64       1       60
