   N    K    R   GF   Coded    Info   Lat Threads Duration
  64   13   20   64   96.59   19.62     3       1       60
  64   16   25   64   92.67   23.17     4       1       60
  64   19   29   64   77.81   23.10     4       1       60
  64   22   34   64   78.85   27.10     4       1       60
  64   26   40   64   86.71   35.23     4       1       60
  64   29   45   64   85.03   38.53     4       1       60
  64   32   50   64   86.50   43.25     4       1       60
  64   35   54   64   81.01   44.30     4       1       60
  64   38   59   64   83.99   49.87     4       1       60
  64   42   65   64   79.85   52.40     4       1       60
  64   45   70   64   77.79   54.70     4       1       60
  64   48   75   64  100.65   75.49     3       1       60
  64   51   79   64   95.56   76.15     4       1       60
  64   54   84   64  106.05   89.48     3       1       60
  64   58   90   64  119.33  108.14     3       1       60
