   N    K    R   GF   Coded    Info   Lat Threads Duration
  64   13   20  256   29.90    6.07    17       1       60
  64   16   25  256   27.67    6.92    18       1       60
  64   19   29  256   22.58    6.70    22       1       60
  64   22   34  256   22.85    7.85    22       1       60
  64   26   40  256   25.47   10.35    20       1       60
  64   32   50  256   25.63   12.81    19       1       60
  64   38   59  256   24.40   14.49    20       1       60
  64   42   65  256   23.01   15.10    22       1       60
  64   45   70  256   22.54   15.85    22       1       60
  64   48   75  256   30.02   22.51    17       1       60
  64   52   81  256   27.98   22.73    18       1       60
  64   58   90  256   31.66   28.69    16       1       60
