   N    K    R   GF   Coded    Info   Lat Threads Duration
  64   13   20  256   12.13    2.46    42       1       60
  64   16   25  256   12.07    3.02    42       1       60
  64   19   29  256   11.99    3.56    42       1       60
  64   22   34  256   11.96    4.11    42       1       60
  64   26   40  256   11.68    4.74    43       1       60
  64   32   50  256   11.70    5.85    43       1       60
  64   38   59  256   11.61    6.89    44       1       60
  64   42   65  256   11.52    7.56    44       1       60
  64   45   70  256   11.49    8.08    44       1       60
  64   48   75  256   11.41    8.56    44       1       60
  64   52   81  256   11.35    9.22    45       1       60
  64   58   90  256   11.55   10.47    44       1       60
