   N    K    R   GF   Coded    Info   Lat Threads Duration
  64   13   20  256   31.02    6.30    16       1       60
  64   16   25  256   28.53    7.13    17       1       60
  64   19   29  256   26.18    7.77    19       1       60
  64   22   34  256   26.14    8.99    19       1       60
  64   26   40  256   28.08   11.41    18       1       60
  64   32   50  256   26.84   13.42    19       1       60
  64   38   59  256   24.99   14.84    20       1       60
  64   42   65  256   23.11   15.16    22       1       60
  64   45   70  256   21.51   15.13    23       1       60
  64   48   75  256   29.54   22.16    17       1       60
  64   52   81  256   27.68   22.49    18       1       60
  64   58   90  256   26.82   24.31    19       1       60
