   N    K    R   GF   Coded    Info   Lat Threads Duration
  64   13   20   64   97.36   19.78     3       1       60
  64   16   25   64   94.07   23.52     4       1       60
  64   19   29   64   89.85   26.67     4       1       60
  64   22   34   64   90.58   31.14     4       1       60
  64   26   40   64   95.37   38.74     4       1       60
  64   29   45   64   89.34   40.48     4       1       60
  64   32   50   64   89.47   44.73     4       1       60
  64   35   54   64   80.59   44.08     4       1       60
  64   38   59   64   84.75   50.32     4       1       60
  64   42   65   64   82.83   54.36     4       1       60
  64   45   70   64   75.93   53.39     5       1       60
  64   48   75   64   99.38   74.53     3       1       60
  64   51   79   64   94.12   75.00     4       1       60
  64   54   84   64  106.61   89.96     3       1       60
  64   58   90   64  117.98  106.92     3       1       60
