   N    K    R   GF   Coded    Info   Lat Threads Duration
  64   13   20   64   45.85    9.31     8       1       60
  64   16   25   64   45.68   11.42     8       1       60
  64   19   29   64   45.07   13.38     8       1       60
  64   22   34   64   44.42   15.27     8       1       60
  64   26   40   64   43.97   17.86     8       1       60
  64   29   45   64   43.16   19.56     8       1       60
  64   32   50   64   42.64   21.32     9       1       60
  64   35   54   64   42.36   23.17     9       1       60
  64   38   59   64   41.75   24.79     9       1       60
  64   42   65   64   41.10   26.97     9       1       60
  64   45   70   64   40.92   28.77     9       1       60
  64   48   75   64   40.55   30.41     9       1       60
  64   51   79   64   40.00   31.88     9       1       60
  64   54   84   64   39.87   33.64     9       1       60
  64   58   90   64   40.41   36.62     9       1       60
