   N    K    R   GF   Coded    Info   Lat Threads Duration
 256   51   19   64  127.73   25.45    12       1       30
 256   64   25   64  142.55   35.64    10       1       30
 256   77   30   64  122.98   36.99    12       1       30
 256   90   35   64  125.26   44.04    12       1       30
 256  102   39   64  123.78   49.32    12       1       30
 256  128   50   64   85.49   42.74    17       1       30
 256  154   60   64   85.39   51.36    17       1       30
 256  169   66   64   85.71   56.58    17       1       30
 256  179   69   64   72.59   50.76    21       1       30
 256  192   75   64   77.42   58.06    19       1       30
 256  210   82   64   69.61   57.10    22       1       30
 256  230   89   64   88.48   79.50    17       1       30
