   N    K    R   GF   Coded    Info   Lat Threads Duration
 256   51   19   64   39.24    7.82    39       1       30
 256   64   25   64   38.60    9.65    39       1       30
 256   77   30   64   38.47   11.57    39       1       30
 256   90   35   64   38.16   13.42    40       1       30
 256  102   39   64   37.85   15.08    40       1       30
 256  128   50   64   37.17   18.59    41       1       30
 256  154   60   64   36.17   21.76    42       1       30
 256  169   66   64   36.12   23.85    42       1       30
 256  179   69   64   33.24   23.24    46       1       30
 256  192   75   64   33.21   24.91    46       1       30
 256  210   82   64   34.02   27.91    45       1       30
 256  230   89   64   32.33   29.04    47       1       30
