   N    K    R   GF   Coded    Info   Lat
  64   13   20   64   46.46    9.44     8       1       30
  64   16   25   64   46.30   11.57     8       1       30
  64   19   29   64   45.99   13.65     8       1       30
  64   22   34   64   44.89   15.43     8       1       30
  64   26   40   64   44.55   18.10     8       1       30
  64   32   50   64   43.08   21.54     8       1       30
  64   38   59   64   42.28   25.10     9       1       30
  64   42   65   64   41.69   27.36     9       1       30
  64   45   70   64   41.13   28.92     9       1       30
  64   48   75   64   38.85   29.14     9       1       30
  64   52   81   64   38.03   30.90    10       1       30
  64   58   90   64   38.33   34.73    10       1       30
