   N    K    R   GF   Coded    Info   Lat Threads Duration
 256   51   19   64   24.34    4.85    63       1       30
 256   64   25   64   24.29    6.07    63       1       30
 256   77   30   64   24.10    7.25    63       1       30
 256   90   35   64   23.88    8.39    64       1       30
 256  102   39   64   24.14    9.62    63       1       30
 256  128   50   64   23.77   11.89    64       1       30
 256  154   60   64   23.11   13.90    66       1       30
 256  169   66   64   23.00   15.19    66       1       30
 256  179   69   64   23.40   16.36    65       1       30
 256  192   75   64   22.53   16.90    68       1       30
 256  210   82   64   22.75   18.66    67       1       30
 256  230   89   64   22.30   20.03    68       1       30
