   N    K    R   GF   Coded    Info   Lat Threads Duration
 256   51   19   64  349.84   69.70     4       1       30
 256   64   25   64  220.39   55.10     6       1       30
 256   77   30   64  201.85   60.71     7       1       30
 256   90   35   64  186.74   65.65     8       1       30
 256  102   39   64  193.26   77.00     7       1       30
 256  128   50   64  110.12   55.06    13       1       30
 256  154   60   64   92.59   55.70    16       1       30
 256  169   66   64   92.35   60.96    16       1       30
 256  179   69   64   83.26   58.21    18       1       30
 256  192   75   64   83.18   62.39    18       1       30
 256  210   82   64   75.72   62.12    20       1       30
 256  230   89   64   80.95   72.73    18       1       30
