   N    K    R   GF   Coded    Info   Lat Threads Duration
 128   26   20  128   22.77    4.63    39       1       60
 128   32   25  128   23.26    5.82    38       1       60
 128   38   29  128   22.43    6.66    39       1       60
 128   45   35  128   22.40    7.87    40       1       60
 128   51   39  128   22.36    8.91    40       1       60
 128   58   45  128   21.99    9.96    40       1       60
 128   64   50  128   21.76   10.88    41       1       60
 128   70   54  128   21.43   11.72    41       1       60
 128   77   60  128   22.12   13.31    40       1       60
 128   84   65  128   22.34   14.66    40       1       60
 128   90   70  128   22.27   15.66    40       1       60
 128   96   75  128   22.19   16.64    40       1       60
 128  102   79  128   22.11   17.62    40       1       60
 128  109   85  128   21.98   18.72    40       1       60
 128  115   89  128   21.70   19.50    41       1       60
