   N    K    R   GF   Coded    Info   Lat Threads Duration
 128   26   20  256   24.82    5.04    41       1       60
 128   32   25  256   25.41    6.35    40       1       60
 128   38   29  256   25.31    7.51    40       1       60
 128   45   35  256   22.19    7.80    46       1       60
 128   51   39  256   22.33    8.90    45       1       60
 128   58   45  256   25.40   11.51    40       1       60
 128   64   50  256   22.88   11.44    44       1       60
 128   70   54  256   23.67   12.95    43       1       60
 128   77   60  256   23.78   14.30    43       1       60
 128   84   65  256   22.75   14.93    45       1       60
 128   90   70  256   22.67   15.94    45       1       60
 128   96   75  256   21.62   16.21    47       1       60
 128  102   79  256   21.61   17.22    47       1       60
 128  109   85  256   29.13   24.80    35       1       60
 128  115   89  256   29.50   26.50    34       1       60
