   N    K    R   GF   Coded    Info   Lat Threads Duration
 128   26   20  256   12.59    2.56    81       1       60
 128   32   25  256   12.57    3.14    81       1       60
 128   38   29  256   12.03    3.57    85       1       60
 128   45   35  256   12.54    4.41    81       1       60
 128   51   39  256   12.52    4.99    81       1       60
 128   58   45  256   12.57    5.70    81       1       60
 128   64   50  256   12.40    6.20    82       1       60
 128   70   54  256   12.27    6.71    83       1       60
 128   77   60  256   12.36    7.44    82       1       60
 128   84   65  256   12.35    8.11    82       1       60
 128   90   70  256   12.23    8.60    83       1       60
 128   96   75  256   12.20    9.15    83       1       60
 128  102   79  256   12.20    9.72    83       1       60
 128  109   85  256   12.32   10.49    83       1       60
 128  115   89  256   12.26   11.02    83       1       60
