   N    K    R   GF   Coded    Info   Lat Threads Duration
 128   26   20  256   20.90    4.25    48       1       60
 128   32   25  256   21.81    5.45    46       1       60
 128   38   29  256   21.96    6.52    46       1       60
 128   45   35  256   21.01    7.39    48       1       60
 128   51   39  256   21.26    8.47    48       1       60
 128   58   45  256   24.40   11.05    41       1       60
 128   64   50  256   22.00   11.00    46       1       60
 128   70   54  256   23.37   12.78    43       1       60
 128   77   60  256   21.79   13.11    47       1       60
 128   84   65  256   22.47   14.74    45       1       60
 128   90   70  256   22.55   15.85    45       1       60
 128   96   75  256   21.55   16.16    47       1       60
 128  102   79  256   21.58   17.20    47       1       60
 128  109   85  256   28.94   24.64    35       1       60
 128  115   89  256   29.38   26.40    34       1       60
