   N    K    R   GF   Coded    Info   Lat Threads Duration
 128   26   20  256   12.08    2.45    84       1       60
 128   32   25  256   12.04    3.01    85       1       60
 128   38   29  256   11.98    3.56    85       1       60
 128   45   35  256   11.95    4.20    85       1       60
 128   51   39  256   11.88    4.73    86       1       60
 128   58   45  256   11.83    5.36    86       1       60
 128   64   50  256   11.84    5.92    86       1       60
 128   70   54  256   11.78    6.44    86       1       60
 128   77   60  256   11.77    7.08    87       1       60
 128   84   65  256   11.73    7.69    87       1       60
 128   90   70  256   11.72    8.24    87       1       60
 128   96   75  256   11.60    8.70    88       1       60
 128  102   79  256   11.66    9.29    87       1       60
 128  109   85  256   11.60    9.88    88       1       60
 128  115   89  256   11.57   10.39    88       1       60
