   N    K    R   GF   Coded    Info   Lat Threads Duration
 128   26   20  128   38.84    7.89    23       1       60
 128   32   25  128   40.40   10.10    22       1       60
 128   38   29  128   40.61   12.06    22       1       60
 128   45   35  128   38.68   13.60    23       1       60
 128   51   39  128   38.95   15.52    23       1       60
 128   58   45  128   44.87   20.33    19       1       60
 128   64   50  128   40.35   20.17    22       1       60
 128   70   54  128   42.82   23.42    20       1       60
 128   77   60  128   40.74   24.51    21       1       60
 128   84   65  128   41.42   27.18    21       1       60
 128   90   70  128   41.74   29.35    21       1       60
 128   96   75  128   39.85   29.89    22       1       60
 128  102   79  128   39.99   31.87    22       1       60
 128  109   85  128   53.55   45.61    16       1       60
 128  115   89  128   53.96   48.48    16       1       60
