   N    K    R   GF   Coded    Info   Lat Threads Duration
 128   26   20  128   47.65    9.68    18       1       60
 128   32   25  128   48.39   12.10    18       1       60
 128   38   29  128   48.31   14.34    18       1       60
 128   45   35  128   42.33   14.88    21       1       60
 128   51   39  128   42.31   16.86    21       1       60
 128   58   45  128   48.17   21.83    18       1       60
 128   64   50  128   43.17   21.58    20       1       60
 128   70   54  128   44.89   24.55    19       1       60
 128   77   60  128   45.84   27.58    19       1       60
 128   84   65  128   43.54   28.57    20       1       60
 128   90   70  128   44.00   30.94    20       1       60
 128   96   75  128   42.22   31.67    21       1       60
 128  102   79  128   42.35   33.75    21       1       60
 128  109   85  128   56.16   47.82    15       1       60
 128  115   89  128   57.14   51.34    15       1       60
