   N    K    R   GF   Coded    Info   Lat Threads Duration
 128   26   20  128   18.39    3.74    48       1       60
 128   32   25  128   18.58    4.65    48       1       60
 128   38   29  128   18.51    5.50    48       1       60
 128   45   35  128   18.45    6.49    48       1       60
 128   51   39  128   18.38    7.32    48       1       60
 128   58   45  128   18.32    8.30    48       1       60
 128   64   50  128   18.30    9.15    48       1       60
 128   70   54  128   18.14    9.92    49       1       60
 128   77   60  128   18.04   10.85    49       1       60
 128   84   65  128   17.98   11.80    49       1       60
 128   90   70  128   18.01   12.66    49       1       60
 128   96   75  128   17.56   13.17    51       1       60
 128  102   79  128   17.60   14.03    50       1       60
 128  109   85  128   17.58   14.97    50       1       60
 128  115   89  128   17.68   15.89    50       1       60
