   N    K    R   GF   Coded    Info   Lat Threads Duration
 128   26   20  256    9.60    1.95   106       1       60
 128   32   25  256    9.59    2.40   106       1       60
 128   38   29  256    9.57    2.84   107       1       60
 128   45   35  256    9.57    3.37   106       1       60
 128   51   39  256    9.59    3.82   106       1       60
 128   58   45  256    9.51    4.31   107       1       60
 128   64   50  256    9.55    4.78   107       1       60
 128   70   54  256    9.53    5.21   107       1       60
 128   77   60  256    9.47    5.70   108       1       60
 128   84   65  256    9.30    6.10   110       1       60
 128   90   70  256    9.48    6.67   108       1       60
 128   96   75  256    9.43    7.07   108       1       60
 128  102   79  256    9.31    7.42   110       1       60
 128  109   85  256    9.48    8.07   107       1       60
 128  115   89  256    9.26    8.32   110       1       60
