   N    K    R   GF   Coded    Info   Lat Threads Duration
 128   26   20  128   22.59    4.59    39       1       60
 128   32   25  128   22.39    5.60    40       1       60
 128   38   29  128   22.33    6.63    40       1       60
 128   45   35  128   22.74    8.00    39       1       60
 128   51   39  128   22.18    8.84    40       1       60
 128   58   45  128   21.89    9.92    40       1       60
 128   64   50  128   21.99   10.99    40       1       60
 128   70   54  128   21.78   11.91    41       1       60
 128   77   60  128   21.81   13.12    41       1       60
 128   84   65  128   21.76   14.28    41       1       60
 128   90   70  128   21.70   15.26    41       1       60
 128   96   75  128   21.60   16.20    41       1       60
 128  102   79  128   21.51   17.14    41       1       60
 128  109   85  128   21.45   18.27    41       1       60
 128  115   89  128   21.15   19.00    42       1       60
