   N    K    R   GF   Coded    Info   Lat Threads Duration
 256   51   19   16  660.17  131.52     1       1       60
 256   64   25   16  440.51  110.13     2       1       60
 256   77   30   16  484.26  145.66     2       1       60
 256   90   35   16  361.94  127.24     2       1       60
 256  102   39   16  394.29  157.10     2       1       60
 256  115   44   16  337.21  151.48     3       1       60
 256  128   50   16  188.34   94.17     5       1       60
 256  141   55   16  175.63   96.73     5       1       60
 256  154   60   16  162.73   97.89     6       1       60
 256  169   66   16  158.72  104.78     6       1       60
 256  179   69   16  130.74   91.42     7       1       60
 256  192   75   16  125.86   94.40     8       1       60
 256  205   80   16  113.53   90.91     9       1       60
 256  218   85   16  108.51   92.41     9       1       60
 256  230   89   16  140.06  125.83     7       1       60
