   N    K    R   GF   Coded    Info   Lat Threads Duration
 256   51   19   16   48.85    9.73    20       1       60
 256   64   25   16   48.34   12.09    21       1       60
 256   77   30   16   47.77   14.37    21       1       60
 256   90   35   16   47.67   16.76    21       1       60
 256  102   39   16   47.32   18.85    21       1       60
 256  115   44   16   46.86   21.05    21       1       60
 256  128   50   16   46.30   23.15    22       1       60
 256  141   55   16   54.74   30.15    18       1       60
 256  154   60   16   54.47   32.77    18       1       60
 256  169   66   16   43.34   28.61    23       1       60
 256  179   69   16   43.72   30.57    23       1       60
 256  192   75   16   43.67   32.75    23       1       60
 256  205   80   16   43.43   34.78    23       1       60
 256  218   85   16   43.12   36.72    23       1       60
 256  230   89   16   43.86   39.40    23       1       60
