   N    K    R   GF   Coded    Info   Lat Threads Duration
 256   51   19  128   20.12    4.01    89       1       60
 256   64   25  128   20.21    5.05    88       1       60
 256   77   30  128   20.45    6.15    87       1       60
 256   90   35  128   20.23    7.11    88       1       60
 256  102   39  128   20.26    8.07    88       1       60
 256  115   44  128   20.16    9.06    88       1       60
 256  128   50  128   18.94    9.47    94       1       60
 256  141   55  128   19.68   10.84    91       1       60
 256  154   60  128   19.36   11.65    92       1       60
 256  169   66  128   17.99   11.88    99       1       60
 256  179   69  128   19.70   13.77    90       1       60
 256  192   75  128   19.68   14.76    91       1       60
 256  205   80  128   18.74   15.01    95       1       60
 256  218   85  128   18.86   16.06    95       1       60
 256  230   89  128   19.31   17.35    92       1       60
