   N    K    R   GF   Coded    Info   Lat Threads Duration
 256   51   19   16   37.75    7.52    27       1       60
 256   64   25   16   37.73    9.43    27       1       60
 256   77   30   16   37.61   11.31    27       1       60
 256   90   35   16   37.39   13.15    27       1       60
 256  102   39   16   37.21   14.82    27       1       60
 256  115   44   16   36.75   16.51    27       1       60
 256  128   50   16   36.77   18.39    27       1       60
 256  141   55   16   37.47   20.64    27       1       60
 256  154   60   16   37.64   22.64    27       1       60
 256  169   66   16   35.58   23.49    28       1       60
 256  179   69   16   35.39   24.75    28       1       60
 256  192   75   16   35.31   26.48    28       1       60
 256  205   80   16   35.22   28.21    29       1       60
 256  218   85   16   34.50   29.38    29       1       60
 256  230   89   16   36.16   32.49    28       1       60
