   N    K    R   GF   Coded    Info   Lat Threads Duration
 256   51   19   16  239.43   47.70     4       1       60
 256   64   25   16  273.72   68.43     3       1       60
 256   77   30   16  225.66   67.88     4       1       60
 256   90   35   16  221.16   77.75     4       1       60
 256  102   39   16  217.81   86.78     4       1       60
 256  115   44   16  208.85   93.82     4       1       60
 256  128   50   16  145.78   72.89     7       1       60
 256  141   55   16  137.09   75.51     7       1       60
 256  154   60   16  130.82   78.70     7       1       60
 256  169   66   16  132.14   87.23     7       1       60
 256  179   69   16  110.61   77.34     9       1       60
 256  192   75   16  116.01   87.01     8       1       60
 256  205   80   16  105.68   84.63     9       1       60
 256  218   85   16  101.49   86.43    10       1       60
 256  230   89   16  132.65  119.18     7       1       60
