   N    K    R   GF   Coded    Info   Lat Threads Duration
 256   51   19  128  241.28   48.07     7       1       60
 256   64   25  128  162.15   40.54    11       1       60
 256   77   30  128  147.70   44.43    12       1       60
 256   90   35  128  134.30   47.22    13       1       60
 256  102   39  128  145.14   57.83    12       1       60
 256  115   44  128  133.08   59.78    13       1       60
 256  128   50  128   59.74   29.87    29       1       60
 256  141   55  128   54.62   30.08    32       1       60
 256  154   60  128   52.05   31.31    34       1       60
 256  169   66  128   51.27   33.85    34       1       60
 256  179   69  128   47.02   32.88    38       1       60
 256  192   75  128   46.90   35.18    38       1       60
 256  205   80  128   42.43   33.98    42       1       60
 256  218   85  128   40.94   34.87    43       1       60
 256  230   89  128   53.46   48.03    33       1       60
