   N    K    R   GF   Coded    Info   Lat Threads Duration
 256   51   19   64   25.59    5.10    60       1       60
 256   64   25   64   25.44    6.36    60       1       60
 256   77   30   64   25.41    7.64    60       1       60
 256   90   35   64   25.24    8.87    60       1       60
 256  102   39   64   25.24   10.06    60       1       60
 256  115   44   64   25.16   11.30    61       1       60
 256  128   50   64   25.03   12.51    61       1       60
 256  141   55   64   25.93   14.28    59       1       60
 256  154   60   64   25.72   15.47    59       1       60
 256  169   66   64   23.34   15.41    65       1       60
 256  179   69   64   23.50   16.43    65       1       60
 256  192   75   64   23.21   17.41    66       1       60
 256  205   80   64   23.21   18.59    66       1       60
 256  218   85   64   22.89   19.49    67       1       60
 256  230   89   64   24.27   21.81    63       1       60
