   N    K    R   GF   Coded    Info   Lat Threads Duration
 256   51   19   64  114.11   22.73    13       1       60
 256   64   25   64  126.19   31.55    12       1       60
 256   77   30   64  113.99   34.29    13       1       60
 256   90   35   64  115.12   40.47    13       1       60
 256  102   39   64  117.45   46.80    13       1       60
 256  115   44   64  115.31   51.80    13       1       60
 256  128   50   64   87.18   43.59    17       1       60
 256  141   55   64   81.69   44.99    18       1       60
 256  154   60   64   82.30   49.51    18       1       60
 256  169   66   64   82.25   54.30    18       1       60
 256  179   69   64   72.09   50.41    21       1       60
 256  192   75   64   74.31   55.73    20       1       60
 256  205   80   64   68.57   54.91    22       1       60
 256  218   85   64   67.13   57.17    22       1       60
 256  230   89   64   87.18   78.32    17       1       60
