   N    K    R   GF   Coded    Info   Lat Threads Duration
 256   51   19  128   19.21    3.83    93       1       60
 256   64   25  128   18.76    4.69    95       1       60
 256   77   30  128   19.10    5.74    93       1       60
 256   90   35  128   18.96    6.67    94       1       60
 256  102   39  128   18.91    7.53    94       1       60
 256  115   44  128   18.76    8.43    95       1       60
 256  128   50  128   18.73    9.37    95       1       60
 256  141   55  128   18.61   10.25    96       1       60
 256  154   60  128   18.52   11.14    96       1       60
 256  169   66  128   18.34   12.11    97       1       60
 256  179   69  128   18.29   12.79    97       1       60
 256  192   75  128   18.02   13.51    99       1       60
 256  205   80  128   17.93   14.36    99       1       60
 256  218   85  128   17.60   14.99   101       1       60
 256  230   89  128   17.46   15.69   102       1       60
