   N    K    R   GF   Coded    Info   Lat Threads Duration
 256   51   19  128   66.91   13.33    26       1       60
 256   64   25  128   75.77   18.94    23       1       60
 256   77   30  128   67.04   20.17    26       1       60
 256   90   35  128   67.96   23.89    26       1       60
 256  102   39  128   69.24   27.59    25       1       60
 256  115   44  128   68.58   30.81    26       1       60
 256  128   50  128   49.27   24.64    36       1       60
 256  141   55  128   48.69   26.82    36       1       60
 256  154   60  128   49.29   29.65    36       1       60
 256  169   66  128   49.20   32.48    36       1       60
 256  179   69  128   43.04   30.10    41       1       60
 256  192   75  128   44.47   33.36    40       1       60
 256  205   80  128   41.40   33.15    43       1       60
 256  218   85  128   40.26   34.28    44       1       60
 256  230   89  128   53.22   47.81    33       1       60
