   N    K    R   GF   Coded    Info   Lat Threads Duration
 256   51   19   64  427.92   85.25     3       1       60
 256   64   25   64  279.33   69.83     5       1       60
 256   77   30   64  256.88   77.26     5       1       60
 256   90   35   64  233.46   82.08     6       1       60
 256  102   39   64  255.80  101.92     6       1       60
 256  115   44   64  233.03  104.68     6       1       60
 256  128   50   64  105.27   52.64    14       1       60
 256  141   55   64   96.69   53.25    15       1       60
 256  154   60   64   91.85   55.25    16       1       60
 256  169   66   64   90.16   59.52    17       1       60
 256  179   69   64   82.86   57.94    18       1       60
 256  192   75   64   82.76   62.07    18       1       60
 256  205   80   64   75.80   60.70    20       1       60
 256  218   85   64   72.37   61.63    21       1       60
 256  230   89   64   93.20   83.73    16       1       60
