   N    K    R   GF   Coded    Info   Lat Threads Duration
 256   51   19   64   35.36    7.04    43       1       60
 256   64   25   64   34.99    8.75    43       1       60
 256   77   30   64   33.93   10.20    45       1       60
 256   90   35   64   32.82   11.54    46       1       60
 256  102   39   64   34.64   13.80    44       1       60
 256  115   44   64   33.92   15.24    45       1       60
 256  128   50   64   32.75   16.38    46       1       60
 256  141   55   64   33.26   18.32    46       1       60
 256  154   60   64   34.70   20.88    44       1       60
 256  169   66   64   30.11   19.88    51       1       60
 256  179   69   64   29.98   20.96    51       1       60
 256  192   75   64   30.63   22.97    50       1       60
 256  205   80   64   29.86   23.91    51       1       60
 256  218   85   64   30.25   25.76    50       1       60
 256  230   89   64   32.97   29.63    46       1       60
