   N    K    R   GF   Coded    Info   Lat Threads Duration
 256   51   19   64   33.10    6.59    46       1       60
 256   64   25   64   32.89    8.22    46       1       60
 256   77   30   64   32.35    9.73    47       1       60
 256   90   35   64   32.26   11.34    47       1       60
 256  102   39   64   32.15   12.81    47       1       60
 256  115   44   64   31.99   14.37    48       1       60
 256  128   50   64   31.61   15.81    48       1       60
 256  141   55   64   32.83   18.08    46       1       60
 256  154   60   64   32.97   19.84    46       1       60
 256  169   66   64   29.04   19.17    52       1       60
 256  179   69   64   28.75   20.10    53       1       60
 256  192   75   64   28.76   21.57    53       1       60
 256  205   80   64   28.61   22.91    53       1       60
 256  218   85   64   28.43   24.21    54       1       60
 256  230   89   64   30.16   27.09    50       1       60
