   N    K    R   GF   Coded    Info   Lat Threads Duration
 256   51   19  128   15.59    3.11   114       1       60
 256   64   25  128   15.36    3.84   116       1       60
 256   77   30  128   15.46    4.65   115       1       60
 256   90   35  128   15.43    5.42   116       1       60
 256  102   39  128   15.37    6.12   116       1       60
 256  115   44  128   15.39    6.91   116       1       60
 256  128   50  128   15.23    7.61   117       1       60
 256  141   55  128   15.27    8.41   117       1       60
 256  154   60  128   14.98    9.01   119       1       60
 256  169   66  128   14.98    9.89   119       1       60
 256  179   69  128   15.07   10.54   118       1       60
 256  192   75  128   15.07   11.30   118       1       60
 256  205   80  128   15.04   12.04   119       1       60
 256  218   85  128   14.92   12.70   120       1       60
 256  230   89  128   14.80   13.30   121       1       60
