   N    K    R   GF   Coded    Info   Lat Threads Duration
 256   51   19   16   47.28    9.42    21       1       60
 256   64   25   16   47.85   11.96    21       1       60
 256   77   30   16   47.77   14.37    21       1       60
 256   90   35   16   47.14   16.57    21       1       60
 256  102   39   16   46.51   18.53    22       1       60
 256  115   44   16   46.31   20.80    22       1       60
 256  128   50   16   45.82   22.91    22       1       60
 256  141   55   16   44.89   24.73    22       1       60
 256  154   60   16   44.49   26.77    23       1       60
 256  169   66   16   42.59   28.12    24       1       60
 256  179   69   16   42.30   29.58    24       1       60
 256  192   75   16   41.94   31.46    24       1       60
 256  205   80   16   41.66   33.36    24       1       60
 256  218   85   16   41.28   35.15    24       1       60
 256  230   89   16   43.14   38.76    23       1       60
