   N    K    R   GF   Coded    Info   Lat Threads Duration
  64   13   20  256   14.89    3.02    34       1       60
  64   16   25  256   14.54    3.64    35       1       60
  64   19   29  256   14.54    4.32    35       1       60
  64   22   34  256   14.64    5.03    34       1       60
  64   26   40  256   14.68    5.96    34       1       60
  64   29   45  256   14.36    6.50    35       1       60
  64   32   50  256   14.52    7.26    35       1       60
  64   35   54  256   14.51    7.93    35       1       60
  64   38   59  256   14.37    8.53    35       1       60
  64   42   65  256   14.27    9.36    35       1       60
  64   45   70  256   14.31   10.06    35       1       60
  64   48   75  256   14.31   10.73    35       1       60
  64   51   79  256   14.08   11.22    36       1       60
  64   54   84  256   14.23   12.00    35       1       60
  64   58   90  256   14.10   12.78    36       1       60
