   N    K    R   GF   Coded    Info   Lat Threads Duration
  64   13   20  256   30.89    6.27    16       1       60
  64   16   25  256   29.25    7.31    17       1       60
  64   19   29  256   28.45    8.45    17       1       60
  64   22   34  256   28.46    9.78    17       1       60
  64   26   40  256   30.69   12.47    16       1       60
  64   29   45  256   28.81   13.06    17       1       60
  64   32   50  256   28.94   14.47    17       1       60
  64   35   54  256   26.35   14.41    19       1       60
  64   38   59  256   27.96   16.60    18       1       60
  64   42   65  256   27.60   18.11    18       1       60
  64   45   70  256   25.28   17.78    20       1       60
  64   48   75  256   33.70   25.27    15       1       60
  64   51   79  256   33.31   26.54    15       1       60
  64   54   84  256   37.93   32.01    13       1       60
  64   58   90  256   43.12   39.07    11       1       60
