   N    K    R   GF   Coded    Info   Lat Threads Duration
  64   13   20  256   11.85    2.41    43       1       60
  64   16   25  256   11.76    2.94    43       1       60
  64   19   29  256   11.84    3.52    43       1       60
  64   22   34  256   11.62    3.99    44       1       60
  64   26   40  256   11.75    4.77    43       1       60
  64   29   45  256   11.63    5.27    44       1       60
  64   32   50  256   11.74    5.87    43       1       60
  64   35   54  256   11.63    6.36    44       1       60
  64   38   59  256   11.70    6.95    43       1       60
  64   42   65  256   11.70    7.68    43       1       60
  64   45   70  256   11.66    8.20    43       1       60
  64   48   75  256   11.66    8.74    43       1       60
  64   51   79  256   11.42    9.10    44       1       60
  64   54   84  256   11.58    9.77    44       1       60
  64   58   90  256   11.31   10.25    45       1       60
