   N    K    R   GF   Coded    Info   Lat Threads Duration
  64   13   20  256   30.63    6.22    16       1       60
  64   16   25  256   28.75    7.19    17       1       60
  64   19   29  256   23.92    7.10    21       1       60
  64   22   34  256   24.35    8.37    21       1       60
  64   26   40  256   27.06   10.99    18       1       60
  64   29   45  256   27.31   12.37    18       1       60
  64   32   50  256   27.96   13.98    18       1       60
  64   35   54  256   26.14   14.29    19       1       60
  64   38   59  256   27.16   16.13    18       1       60
  64   42   65  256   25.52   16.75    20       1       60
  64   45   70  256   25.15   17.68    20       1       60
  64   48   75  256   33.94   25.46    15       1       60
  64   51   79  256   33.25   26.49    15       1       60
  64   54   84  256   37.80   31.89    13       1       60
  64   58   90  256   43.19   39.14    11       1       60
