   N    K    R   GF   Coded    Info   Lat Threads Duration
  64   13   20  256   14.76    3.00    34       1       60
  64   16   25  256   14.68    3.67    34       1       60
  64   19   29  256   14.62    4.34    35       1       60
  64   22   34  256   14.53    4.99    35       1       60
  64   26   40  256   14.10    5.73    36       1       60
  64   29   45  256   14.39    6.52    35       1       60
  64   32   50  256   14.36    7.18    35       1       60
  64   35   54  256   14.28    7.81    35       1       60
  64   38   59  256   14.27    8.47    35       1       60
  64   42   65  256   14.16    9.30    36       1       60
  64   45   70  256   14.15    9.95    36       1       60
  64   48   75  256   14.06   10.54    36       1       60
  64   51   79  256   14.06   11.20    36       1       60
  64   54   84  256   13.97   11.79    36       1       60
  64   58   90  256   13.91   12.61    36       1       60
